32790 0.0121052
23145 0.0136623
13293 0.0142025
22886 0.0145312
18286 0.0145867
5296 0.0152415
23234 0.015414
17615 0.0154306
33536 0.0158321
11700 0.0159112
9864 0.0159842
21079 0.0160478
17618 0.0161827
27697 0.0163068
5287 0.0163303
33383 0.0164614
33379 0.0165829
33673 0.0167534
24973 0.0167586
9866 0.0167596
24975 0.0170404
23255 0.0171491
32876 0.0173111
34768 0.0174244
11675 0.0174511
23655 0.0174728
11708 0.0176488
22891 0.017684
34534 0.0177066
32581 0.0178553
4757 0.017917
19691 0.0180337
9863 0.0181162
11685 0.0182092
5612 0.0183172
9884 0.0183731
2408 0.0184308
23138 0.0184723
18761 0.0184812
4751 0.0184947
17263 0.0185449
5301 0.0185472
5109 0.0185508
23148 0.0187552
7793 0.0187701
19762 0.0187773
4759 0.0188031
9886 0.0188075
32880 0.0188093
18774 0.0189424
22879 0.0189693
33915 0.0189722
5097 0.019039
1267 0.0190447
10193 0.0193456
25226 0.0195133
23212 0.0195884
7791 0.0195926
2063 0.0196357
25197 0.0196456
10195 0.0196616
33918 0.0198724
8012 0.0198989
5157 0.0198994
5299 0.0198996
8011 0.0200898
8013 0.0200936
9882 0.0201351
8332 0.020157
2414 0.0201755
19694 0.0201888
2064 0.0202253
17261 0.0202271
8987 0.0203351
11239 0.0203356
2062 0.0203904
11670 0.0203965
19761 0.0204182
19755 0.0204336
9869 0.0204382
10334 0.020442
9888 0.0204586
11679 0.0204788
2066 0.0205144
486 0.0205161
5305 0.0205595
4746 0.0205861
33533 0.0205872
20934 0.0206046
11237 0.0206735
4730 0.0206908
5121 0.020736
27315 0.0207447
32675 0.0207669
17265 0.02078
18066 0.0208471
29047 0.0208889
9861 0.0208948
26560 0.0208972
11683 0.0209014
2065 0.0209134
22893 0.0209727
19763 0.0209783
32399 0.0209935
1328 0.0210347
30167 0.0210754
841 0.0210997
11235 0.0212552
493 0.0212813
502 0.0213077
28654 0.0213617
9477 0.0214188
5605 0.0214716
19756 0.0215062
843 0.0215234
497 0.0215575
9510 0.0215708
4735 0.0215959
11266 0.0216312
8325 0.0216353
11245 0.0217305
29251 0.0217348
25240 0.0217557
8014 0.0218136
10191 0.0218169
18309 0.0218277
23227 0.0218653
1327 0.0218737
9525 0.0219169
9473 0.021987
2646 0.0220938
7790 0.0220978
9482 0.0221029
797 0.0221754
29249 0.0221953
33543 0.0222089
8966 0.0222155
8982 0.0222343
28637 0.0222506
5162 0.0222898
32860 0.0223139
5336 0.0223435
19666 0.0223546
9465 0.0223921
5334 0.0225117
5337 0.0225187
8977 0.0226389
28856 0.0226409
25183 0.0226931
33961 0.0226944
17786 0.0227077
9879 0.0227197
11247 0.022749
28623 0.0227741
5335 0.022811
11241 0.0228121
32394 0.0228202
9890 0.0228297
33924 0.0228471
22613 0.0228743
28853 0.0229155
840 0.0229213
488 0.0229471
2076 0.0229539
19764 0.0230025
19757 0.0230454
15361 0.0230985
25254 0.0231101
9508 0.0232102
798 0.0232147
4614 0.0232884
796 0.023309
9873 0.0233935
9871 0.0233942
8339 0.0234295
8316 0.0234723
32884 0.0235027
16747 0.0235094
4638 0.0235437
19760 0.023561
19672 0.0235626
19758 0.0235644
491 0.0236121
4727 0.0237035
800 0.0237441
5169 0.0237877
25059 0.0238073
9503 0.0238112
24978 0.0238185
2775 0.0238647
23862 0.0238989
19759 0.0239077
803 0.0239172
25070 0.0239428
32162 0.0239567
5586 0.0240855
35877 0.0240891
33546 0.0241423
9529 0.0241979
5306 0.0242219
5339 0.0242988
795 0.0243047
805 0.0243269
794 0.024409
11307 0.024425
20921 0.0244318
4725 0.024441
4687 0.0245487
19697 0.024577
2429 0.0246018
10197 0.0246681
808 0.0247204
33957 0.0247274
26680 0.0247447
9501 0.024751
5307 0.024756
5343 0.0247775
25057 0.0248206
11292 0.0248294
28592 0.024832
839 0.0248349
18754 0.024897
456 0.0249512
33896 0.0250117
20812 0.0250229
17627 0.0251183
837 0.0251605
8015 0.0251863
33531 0.0252473
23210 0.0252682
9489 0.0252726
8010 0.0253022
5333 0.0253147
10223 0.0253502
25080 0.0253789
8311 0.0253804
4643 0.0254716
12331 0.0254872
27660 0.0255138
810 0.0255216
806 0.0255915
24969 0.0256056
28599 0.0256353
9639 0.0256398
18031 0.0256662
793 0.02568
27668 0.025691
5351 0.025698
24982 0.0257741
27702 0.025775
807 0.025838
4092 0.025876
23151 0.0258855
26669 0.0258883
9621 0.0259369
25075 0.0260434
6643 0.0260578
19765 0.026078
25073 0.0260869
457 0.0261383
17908 0.0261738
5480 0.0261915
792 0.0262119
25113 0.0262207
811 0.0262235
9499 0.0262537
8016 0.0262762
4645 0.0263522
2651 0.026358
21109 0.026413
11663 0.026434
35822 0.0264485
18743 0.0265102
18324 0.0265226
8960 0.0266151
3902 0.0266878
8945 0.026698
791 0.0267052
22610 0.0267171
844 0.0267331
32559 0.0268881
8952 0.0268908
14900 0.0269041
9543 0.0269395
33937 0.0269761
18220 0.027015
29049 0.0270564
1849 0.0270617
32552 0.0271849
8934 0.0272575
20806 0.0272829
10303 0.0272872
458 0.0273164
836 0.0273274
1843 0.0273721
9894 0.0273756
28607 0.0273764
25256 0.0274199
16729 0.0274565
23637 0.02747
23657 0.0275163
8997 0.0275362
21103 0.0276634
17844 0.0277155
18776 0.0277451
23265 0.0277946
18215 0.0278232
10342 0.0278455
20815 0.0279257
17859 0.0279325
15552 0.0279561
25173 0.0279592
9915 0.0279932
26674 0.0280068
18321 0.028032
35839 0.0280336
15554 0.0280475
8341 0.0280972
32557 0.0281846
23215 0.0282675
35836 0.0282731
23640 0.0282887
9924 0.0283419
32584 0.0283525
1845 0.0283735
1848 0.0284049
10240 0.0284557
10189 0.0285567
26677 0.0285704
790 0.0286204
5359 0.0287427
19482 0.0287906
812 0.0287996
2433 0.028892
33014 0.0289173
814 0.0289488
9015 0.0289545
25055 0.0289749
32888 0.0291305
2655 0.02921
5371 0.0292385
459 0.0292655
789 0.0293085
820 0.0293193
824 0.0293462
11285 0.0293621
18314 0.0293853
29412 0.0294518
33944 0.0294732
33657 0.0294754
825 0.0295254
5362 0.029611
18217 0.0296178
2426 0.0296903
31410 0.029714
4441 0.0297198
34782 0.0297814
11271 0.0297986
830 0.0298454
9909 0.0299235
8345 0.0299358
2032 0.0299432
835 0.0299581
813 0.0300142
9018 0.0300149
30165 0.0300551
17788 0.0300894
9019 0.0301057
18279 0.0301225
816 0.0301737
9001 0.0301969
31493 0.0302719
5364 0.0303586
10219 0.0303958
5332 0.0304488
18740 0.0304601
27220 0.03047
2658 0.0305273
29663 0.030592
32577 0.0306416
25029 0.0308582
828 0.0309236
18019 0.0309418
25167 0.0309424
10247 0.0309543
29404 0.0309709
5327 0.0309905
23225 0.0310039
833 0.0311248
21084 0.0311675
2033 0.0312019
16770 0.0312829
8343 0.0314863
817 0.0315189
11279 0.0316239
4424 0.0316824
32536 0.0317931
9897 0.0318448
19470 0.0318788
23152 0.0319038
31503 0.0319341
24984 0.0320767
10200 0.0320851
20645 0.0323574
9920 0.03237
10217 0.0324816
23271 0.0324972
27651 0.0325091
28584 0.0326056
22607 0.0327877
9895 0.0328953
10187 0.0330027
9931 0.0330508
33403 0.0332451
10221 0.0332505
9896 0.0333121
27708 0.033435
5330 0.0335444
33652 0.033578
5331 0.0335829
9905 0.0338302
4411 0.0338585
2710 0.0338691
9901 0.0339413
29399 0.0339742
17829 0.0340046
17905 0.0341664
21090 0.0342962
18319 0.0343321
23156 0.0344269
31662 0.0345533
4096 0.0347072
30164 0.0347301
10212 0.0347477
32605 0.0347497
17876 0.0348368
32560 0.0348571
18267 0.0348761
2435 0.0349621
18713 0.0350127
29051 0.0350563
10210 0.035232
19459 0.0352375
24992 0.0352785
9903 0.0353078
18778 0.0353192
7299 0.0353718
32850 0.0354371
18317 0.0354945
10208 0.0358037
29681 0.0358066
19464 0.0359845
22605 0.035991
11655 0.0360148
18736 0.0360191
8917 0.0362723
2662 0.0362994
31486 0.0364491
2685 0.0365017
2079 0.0368285
10206 0.0368872
33390 0.0369809
33402 0.0370254
20781 0.0370282
2777 0.0370733
33644 0.0375777
9945 0.0375943
35793 0.0379527
22598 0.0381112
2080 0.0381899
18723 0.0381962
2717 0.0383283
15472 0.038436
2081 0.0384751
22728 0.0386022
23217 0.03866
31365 0.0387255
30162 0.0387963
3816 0.0388958
33630 0.0389369
2438 0.0389487
18269 0.0389883
31478 0.0392019
18271 0.0394921
4388 0.039582
20763 0.0395844
33637 0.0398212
33404 0.0398394
15470 0.0399773
35786 0.0400172
9899 0.0401055
9898 0.0401461
32571 0.0401964
22361 0.0402926
32769 0.0404949
2712 0.0406019
2669 0.0407164
23220 0.0407216
2082 0.0409044
7293 0.0409118
29654 0.0409256
2060 0.0409583
2667 0.0410273
33635 0.041093
15485 0.04122
18712 0.0412261
32611 0.0412459
2665 0.0412751
18275 0.0413788
2444 0.0413965
10484 0.0414638
18273 0.0416067
2452 0.042312
2083 0.0423848
35790 0.0423946
32587 0.0424036
3854 0.0424448
32603 0.0426909
33641 0.0429016
33639 0.0431651
29053 0.0432921
18076 0.0433635
32614 0.04353
23219 0.0435901
23659 0.0438113
2718 0.0439356
31468 0.0441067
2716 0.044345
17890 0.0444273
28578 0.0446935
32799 0.0448285
32845 0.0448437
18714 0.0448452
11649 0.0448625
31440 0.0449884
2671 0.0450305
17901 0.0450624
31463 0.0450733
32130 0.0451729
9441 0.0453737
22073 0.0453914
20746 0.045396
27224 0.0455061
18720 0.0455134
32562 0.04573
29636 0.0457512
23218 0.0458119
3820 0.0459541
31456 0.0460667
20901 0.0461614
32899 0.0461995
8888 0.0463572
20735 0.0464099
2724 0.046437
2714 0.0465127
2715 0.0465867
20720 0.0466435
29055 0.0466486
2719 0.0467622
23895 0.0467943
32566 0.0468728
29688 0.046886
18716 0.0472766
4568 0.0473989
28984 0.0475378
2084 0.0475809
23870 0.0480272
34752 0.0485229
8833 0.0486584
15482 0.0487612
15473 0.0488059
2723 0.0490119
32905 0.0490829
32415 0.049274
3851 0.0493258
29645 0.0493321
31531 0.0493896
31620 0.0494549
11622 0.0494824
25765 0.0496974
17898 0.0498269
23893 0.0498963
969 0.0500272
29393 0.0502417
8822 0.0505019
968 0.0507387
33405 0.0507758
18718 0.0508098
31674 0.0513024
10472 0.0513986
34785 0.0515635
32839 0.0516742
32590 0.0518606
22732 0.0518976
33010 0.0523374
2085 0.0524542
29627 0.05276
29692 0.0528389
8829 0.0532647
15476 0.053408
32598 0.0534891
29924 0.0536097
29699 0.0536829
3849 0.0536883
7854 0.0538418
28979 0.0542801
15480 0.0545244
23661 0.0545586
32901 0.0546137
32594 0.054691
17944 0.0547449
17411 0.0547512
32417 0.0549047
33279 0.0551054
27269 0.0555496
11646 0.0558973
2673 0.0560611
33408 0.0562393
29649 0.0562819
8008 0.0563395
23986 0.0565831
16184 0.0566341
18711 0.0566604
25767 0.0566832
2722 0.0571109
29695 0.0572041
23909 0.0572505
15474 0.0572862
29622 0.0576797
6933 0.058173
33277 0.0582039
20897 0.0583456
15478 0.0583989
6936 0.0584627
31614 0.058679
970 0.0591263
27227 0.0591667
25769 0.0592256
22059 0.0592833
10460 0.0593259
31582 0.0593934
31680 0.0594727
2086 0.0596858
29927 0.0599286
31604 0.0599551
23874 0.0601892
2674 0.0607359
6934 0.0607522
18095 0.0609066
11623 0.0620437
2087 0.0622125
2681 0.0623887
28572 0.0624719
6930 0.0626095
2720 0.0629782
6931 0.0630361
10436 0.063605
3847 0.0637185
9993 0.0640743
967 0.0641871
18710 0.0645171
6937 0.0645565
11643 0.0645796
3838 0.0650068
34739 0.0650117
25774 0.0651463
10012 0.0652194
29388 0.0653281
33008 0.0653388
8709 0.065354
6929 0.0662251
16183 0.0664876
3824 0.0667107
22067 0.0668908
10451 0.0669998
2721 0.0673205
20265 0.0673836
10446 0.0676586
18100 0.067836
10440 0.0681101
31721 0.0681461
17407 0.0686793
28567 0.0688988
22738 0.0689824
23891 0.0692545
11625 0.0692621
29929 0.0693318
8710 0.069364
18098 0.0694301
27264 0.0696916
965 0.0705843
34789 0.0706878
20313 0.0708876
2678 0.0709861
25778 0.0710517
20310 0.0712665
29915 0.071291
31722 0.0716762
11640 0.0723392
2088 0.0731381
6938 0.0731939
22061 0.0737326
966 0.0740081
29913 0.0754822
8708 0.0755053
2212 0.0759571
11627 0.0762236
16190 0.0766156
11637 0.0769759
8007 0.0773678
20304 0.0776958
2090 0.077805
2089 0.0782374
33058 0.0784668
971 0.078565
7848 0.0788046
20288 0.0788662
25782 0.0792611
23881 0.0810379
22065 0.0813909
20273 0.0818186
22063 0.0823494
25785 0.0824699
16181 0.0829738
11635 0.0838154
6928 0.0839541
2799 0.0839682
2795 0.0844764
2818 0.084683
8711 0.0848092
29908 0.0856283
7950 0.0862901
17402 0.0863376
25788 0.086501
20889 0.0868842
17404 0.0871438
11629 0.0876207
29911 0.0878533
31724 0.0879583
17744 0.0882697
11633 0.0884347
982 0.0886016
27045 0.0887844
20319 0.0888415
2803 0.0889108
20284 0.0889386
33811 0.0894244
2807 0.0897507
17400 0.0910242
34918 0.0910569
34725 0.0911603
23889 0.0913467
29909 0.0920814
2814 0.0927706
34917 0.093249
23885 0.0933566
33808 0.0938997
2811 0.0941712
6927 0.0945191
34795 0.0954787
7109 0.0960858
7945 0.0962333
16193 0.0965474
6910 0.0968852
6926 0.0982461
8712 0.0991985
8707 0.0992813
30406 0.0997925
23887 0.100233
34916 0.101769
31727 0.101992
6912 0.102951
31726 0.104901
7942 0.105075
6906 0.106819
977 0.107203
34919 0.107422
6925 0.108243
6908 0.108314
972 0.109448
6904 0.109775
7113 0.110638
7170 0.111325
34915 0.112651
34802 0.112741
11114 0.112995
6901 0.113024
6913 0.11313
34684 0.114188
34692 0.114197
8777 0.114387
8785 0.114669
29380 0.115021
34920 0.115618
8774 0.116424
17721 0.117959
34698 0.118198
8772 0.118708
34701 0.120319
7075 0.120559
8806 0.121371
7176 0.121599
7940 0.121741
34682 0.122247
8713 0.122325
7180 0.122456
34704 0.122676
22805 0.122847
34921 0.124451
7184 0.124574
34680 0.125058
30381 0.125128
26974 0.1254
17723 0.12569
11117 0.127582
7933 0.127999
5020 0.128203
6914 0.128732
22806 0.129001
6924 0.129086
975 0.129453
5025 0.129868
34804 0.129921
7938 0.130044
17725 0.130689
14298 0.130853
14296 0.13225
8788 0.132652
16194 0.13269
34922 0.132937
30385 0.133222
17729 0.133228
17727 0.134349
34914 0.135644
7115 0.136805
973 0.137823
11128 0.137977
7186 0.138843
11476 0.138982
7935 0.139177
17719 0.139478
14300 0.1396
6915 0.141046
34913 0.141339
8801 0.144043
34923 0.144064
11482 0.14544
11465 0.146015
7117 0.147555
7202 0.148301
6923 0.149574
8759 0.149958
3483 0.15274
6917 0.152936
11131 0.153308
8767 0.1547
5029 0.156149
20371 0.157524
11462 0.15823
17716 0.158628
5047 0.158942
8714 0.15897
8793 0.160473
7200 0.160613
11134 0.162485
14294 0.162531
20397 0.162904
7188 0.166252
11504 0.166683
11495 0.166901
6921 0.166944
22411 0.167172
5032 0.167188
23332 0.169776
6919 0.171815
22169 0.172357
11486 0.174057
20382 0.175571
8761 0.175627
7192 0.176732
34989 0.179923
11136 0.18006
17714 0.180422
631 0.181014
7195 0.181372
7198 0.182303
11510 0.182424
20482 0.183085
11459 0.184695
22168 0.185303
11438 0.186989
11143 0.188802
20487 0.193892
11138 0.194944
3495 0.196276
11513 0.198898
35430 0.199286
34932 0.201152
17712 0.202707
22167 0.206853
11140 0.206946
11442 0.207382
11451 0.208589
11435 0.208706
17708 0.208855
20424 0.209871
34984 0.210472
35428 0.211342
20454 0.211633
20142 0.212281
34985 0.212685
7065 0.213427
14315 0.213727
20492 0.213911
34987 0.214486
17710 0.215467
20174 0.216078
14307 0.216601
35432 0.21871
22166 0.218758
34986 0.218784
22165 0.218948
11518 0.219524
14311 0.219754
20172 0.220362
20167 0.221455
20506 0.221992
3498 0.223996
20170 0.224589
34983 0.225413
11433 0.229246
35434 0.229343
11521 0.232413
11523 0.233381
11525 0.234448
20442 0.234821
20499 0.234941
22163 0.236849
14319 0.238524
11432 0.238972
627 0.243921
20439 0.2484
14289 0.250095
626 0.252241
20437 0.253912
35426 0.25831
20430 0.260431
28330 0.265072
14278 0.265946
22162 0.266221
11428 0.267837
28332 0.278586
22159 0.280222
625 0.281917
22158 0.282212
14321 0.286626
22161 0.290843
14286 0.290943
34980 0.294894
14273 0.295442
3185 0.303253
14282 0.306999
22157 0.307312
35424 0.312033
3505 0.313761
624 0.315089
22151 0.318659
22155 0.326407
22143 0.330469
22154 0.332075
22147 0.337256
22150 0.340153
22152 0.343948
22146 0.344165
22149 0.3479
22153 0.348313
22145 0.348461
22144 0.351876
14269 0.352409
623 0.356805
35422 0.357204
22142 0.368623
14261 0.384654
14265 0.386126
22141 0.386999
35420 0.391164
622 0.393424
34975 0.395882
22139 0.408516
22136 0.411291
621 0.412882
612 0.421141
613 0.427237
611 0.427282
620 0.430012
34974 0.432737
22137 0.43304
618 0.43316
619 0.434216
35405 0.437583
29364 0.44153
610 0.442408
22138 0.444567
35418 0.445079
617 0.44685
614 0.448106
608 0.448456
609 0.449871
616 0.454569
615 0.457795
600 0.458158
602 0.460305
35407 0.466816
19396 0.467282
604 0.468424
606 0.46952
19398 0.472132
19397 0.473393
35408 0.49011
35416 0.508464
35413 0.514172
338 0.53359
345 0.683305
379 0.717311
380 0.719878
381 0.720913
378 0.729078
376 0.73048
377 0.731431
382 0.733144
374 0.741093
373 0.741213
372 0.744235
369 0.754348
