8952 0.0075141
28856 0.008287
28623 0.00874249
2064 0.00890611
33896 0.00890828
28607 0.00894941
34037 0.0090845
33893 0.009239
3912 0.00935945
26834 0.00939932
10761 0.00940791
21743 0.00944269
26705 0.00950468
15355 0.00953364
17618 0.00954962
28853 0.00974439
1341 0.0098077
17616 0.00981515
8325 0.00993864
14615 0.00994338
5658 0.010009
10766 0.0100488
12339 0.0100853
34034 0.0101317
10767 0.0101404
28637 0.0102032
15303 0.0103011
28858 0.0103589
1851 0.0104021
28654 0.0104256
17621 0.0104621
34436 0.0105336
12337 0.0105376
5466 0.0105591
8020 0.0105661
29532 0.0106408
17615 0.010666
33918 0.0106747
1849 0.0107015
29534 0.0107237
26579 0.0107608
34435 0.0107952
28673 0.0108161
1338 0.0108591
33924 0.010893
1335 0.0109345
26837 0.0110032
15495 0.0110928
34541 0.0111426
5612 0.0111542
3908 0.011176
1328 0.0111838
29527 0.011211
29533 0.0112406
28725 0.0112717
26541 0.0113167
5664 0.0113298
1327 0.0113322
33957 0.0113766
8311 0.0114014
28666 0.0114056
26791 0.0114158
3956 0.0114486
28679 0.0114525
26835 0.011495
8013 0.0115253
28788 0.0115799
1847 0.0115877
26560 0.0116397
26840 0.0116743
4097 0.0116882
29525 0.0117138
29523 0.0117227
28860 0.0117388
34536 0.0117666
8343 0.0117731
28862 0.011792
28731 0.0118028
26581 0.0118666
26714 0.0119011
457 0.0119353
5471 0.0119634
20652 0.0119996
17670 0.0120003
17672 0.0120093
1845 0.0120105
8316 0.012019
5162 0.0120194
29518 0.012037
20565 0.012048
10783 0.0120537
5618 0.0120631
29522 0.012106
34283 0.0121158
8012 0.0121315
22616 0.0121519
5169 0.0121668
26833 0.0122436
26497 0.0122768
26724 0.0123051
17671 0.0123077
33937 0.0123434
8945 0.0123536
8960 0.0124136
26507 0.0124623
28728 0.012465
28864 0.0124748
5202 0.0125278
19748 0.0125778
33966 0.0125808
22879 0.0126021
26720 0.0126058
5157 0.0126078
20650 0.012608
28754 0.0126118
26584 0.0126509
33961 0.0126912
10759 0.0127212
28734 0.012757
5480 0.0127602
8014 0.0127824
26573 0.0128182
26782 0.0128381
34279 0.0128408
8307 0.0128493
26692 0.0128902
33944 0.0128919
26817 0.0129664
21132 0.0130386
26577 0.0130574
28746 0.0130795
26842 0.0131274
29520 0.0131525
26789 0.0131859
6636 0.0131915
5586 0.0132161
8017 0.0132302
3954 0.013232
27697 0.013281
508 0.0133142
3750 0.0133459
35839 0.0133579
7742 0.0133585
19591 0.0133993
28727 0.0134013
8018 0.0134141
5383 0.0134211
5605 0.0134382
8015 0.0135031
19745 0.0135044
26805 0.0135084
22869 0.0135121
10770 0.0135939
486 0.0136589
28726 0.0136931
8021 0.0137561
26494 0.0137736
26499 0.0137852
26640 0.0137859
20645 0.0138198
34273 0.0138324
10195 0.0138505
19739 0.0138732
526 0.0138907
17599 0.0138934
26806 0.0139256
26514 0.0139431
26814 0.0139431
26635 0.0139558
8277 0.0139643
5200 0.0139687
5184 0.0140576
26777 0.0140769
7766 0.0140872
8016 0.0141133
5193 0.0141162
20681 0.0141426
28599 0.0141585
19742 0.0141674
26501 0.0141828
462 0.0141883
20657 0.0142495
2744 0.0142609
26808 0.0142931
26821 0.0143904
26987 0.0144291
7745 0.0144374
26530 0.0144468
27702 0.0144684
23655 0.01448
21128 0.0144884
26412 0.0145368
502 0.0145424
19726 0.0145532
7769 0.0145644
20685 0.0145792
33885 0.0145808
31582 0.0146147
5175 0.0146318
34276 0.0146517
26717 0.014669
33915 0.0146738
26525 0.014685
26409 0.0147088
22947 0.014771
35836 0.014792
23653 0.0148246
19684 0.0148861
19697 0.0149262
480 0.0149346
26523 0.0149362
19722 0.0149472
19724 0.014964
5381 0.0149796
10012 0.0149926
26518 0.0150158
26683 0.0150383
26486 0.0150433
7729 0.0150563
456 0.0150567
17669 0.01507
33387 0.0151023
8345 0.015128
7752 0.0151315
7737 0.0151585
34789 0.0152004
17528 0.0152299
17673 0.0152873
7763 0.0153008
10197 0.0153109
491 0.0153116
21135 0.0153289
26785 0.0153372
10193 0.0153587
10027 0.0153637
26810 0.0154213
7789 0.0154547
5197 0.0155431
26426 0.0155688
7786 0.0155969
26787 0.0156068
23657 0.0156175
459 0.0156363
7790 0.0156519
17516 0.0156552
2418 0.0156654
460 0.0156992
6618 0.0157086
26504 0.0157216
7781 0.015746
544 0.0157931
7772 0.0158102
2742 0.0158575
26830 0.0158836
3902 0.0158918
5195 0.0159061
11606 0.0160276
493 0.0160414
20921 0.0160561
7791 0.016125
7735 0.0162321
15502 0.0162346
34785 0.0162702
4096 0.0162838
7792 0.0162904
5371 0.0163983
23625 0.0164192
7778 0.0164489
22613 0.0165286
3779 0.0165346
26398 0.0165779
17667 0.0166419
7775 0.016649
458 0.0166803
7788 0.0167456
15489 0.0167563
26512 0.0167576
10191 0.0167748
13401 0.0168203
26488 0.0168214
1629 0.0168412
26677 0.0168878
13295 0.0169045
6590 0.0169275
32560 0.016943
19699 0.0169999
2414 0.0170224
7886 0.0170763
7728 0.0170845
5362 0.0171002
3787 0.0171419
23280 0.01719
35805 0.0173557
1623 0.0174007
22610 0.0174036
26484 0.0174192
32675 0.0174259
3899 0.0174495
26825 0.017466
7731 0.0174792
34782 0.0174957
20654 0.0175562
5378 0.0175767
32557 0.0176065
24889 0.017678
28592 0.0176915
24863 0.0177104
26981 0.017806
657 0.0178549
24984 0.0178922
6478 0.0179273
34287 0.0179957
27927 0.0180062
26829 0.0180098
26669 0.0180307
5364 0.0180492
13293 0.0180823
19720 0.0181463
11712 0.0181797
7734 0.0181833
31604 0.0181934
488 0.0181941
4092 0.0182414
26482 0.0183053
8934 0.0183186
32562 0.0183193
24896 0.0183708
10187 0.0183936
11708 0.0184458
3752 0.0185386
20976 0.0185765
20840 0.0185968
1632 0.018603
26674 0.0186128
17666 0.0186734
497 0.0188451
10189 0.0188774
17859 0.0189211
3747 0.0189264
10200 0.0189329
11716 0.0189723
10361 0.0190324
7879 0.0190334
3886 0.0192613
1641 0.0192738
11714 0.0193703
32559 0.019388
15526 0.0194527
20660 0.0195048
29279 0.0195073
15523 0.0195666
7733 0.0195978
25059 0.0196003
35802 0.0196249
33325 0.0196541
2740 0.0196634
34290 0.0196678
26828 0.0197012
455 0.0197187
26428 0.0197568
20833 0.0198575
32552 0.0198607
7875 0.0199716
3895 0.0200958
20663 0.0202088
1635 0.0203174
6621 0.020359
4103 0.0204683
13300 0.0205077
11700 0.0205194
7305 0.0205731
10366 0.020575
33705 0.0205963
34768 0.0206567
8917 0.0206687
19703 0.0207637
17665 0.0207836
32682 0.0207841
3754 0.0208053
29062 0.0208168
15507 0.0208992
26827 0.0210327
17675 0.0210811
33323 0.0211188
33630 0.0211242
23063 0.0211388
23278 0.0211466
6625 0.0211476
24982 0.0211748
27493 0.0211805
13297 0.0212039
22598 0.021212
20837 0.0212234
32905 0.0212655
7727 0.0213414
3740 0.0213549
24978 0.0214368
34292 0.0214422
24856 0.0216069
10342 0.0216219
13397 0.0216536
20963 0.0217461
26335 0.021827
19878 0.0219243
19459 0.021959
1968 0.0220901
15519 0.0221543
33335 0.022243
32901 0.022272
15516 0.0222768
19464 0.0222805
15513 0.0223069
32888 0.0223479
454 0.0224079
20985 0.0225281
31080 0.0225717
8252 0.0225921
3756 0.0226017
20970 0.0226093
23065 0.0226874
29649 0.0227361
33390 0.0227383
33702 0.022747
6472 0.0227572
35665 0.0227816
1967 0.0228263
22605 0.0228269
10206 0.0229057
20991 0.0229759
11604 0.0230086
6470 0.0230403
32754 0.0231018
31440 0.0231225
7304 0.0231259
29404 0.0231551
33395 0.0232142
21109 0.0232537
20989 0.0232676
23060 0.0233427
2408 0.0234124
2716 0.0234665
6474 0.0234672
19706 0.0234699
17677 0.0234949
23276 0.0235777
658 0.0237021
27708 0.0237147
19710 0.023742
33707 0.0237689
26331 0.023787
3877 0.023804
2738 0.0238134
13392 0.0238779
24832 0.0238948
15771 0.0239837
33696 0.0239888
23151 0.0240118
17507 0.0240563
24992 0.02409
32899 0.0241575
32880 0.0241951
2714 0.0243327
26333 0.0244006
6502 0.0244582
4496 0.0245367
3874 0.0245949
1969 0.0246494
35800 0.0247468
27935 0.0247595
10334 0.0247714
27315 0.024778
20690 0.0248307
32884 0.0248415
2715 0.0248821
27321 0.0248861
32704 0.0249189
23160 0.0249924
6402 0.0251486
17844 0.02519
1966 0.0252573
33338 0.0252624
27952 0.0253786
21090 0.0253985
24713 0.0254911
1587 0.0255117
26337 0.0255398
1965 0.0255773
33321 0.0257299
7725 0.0259091
7302 0.0259353
27660 0.0261697
32536 0.0261788
24688 0.0261938
33402 0.0262448
27651 0.0263342
27668 0.0263361
6379 0.0264636
32584 0.026479
17503 0.0265038
6581 0.0265992
26329 0.0265992
33319 0.0267108
6933 0.0267608
20934 0.026781
23275 0.0267926
15532 0.0268032
33301 0.0268178
23158 0.0268427
32581 0.0269123
656 0.0270171
6575 0.0270381
17876 0.0270679
35790 0.027109
21103 0.0274671
33303 0.0275271
7797 0.0275279
33403 0.0276668
35901 0.0276793
35877 0.0278194
17792 0.0278874
3816 0.0278887
15485 0.027913
28584 0.0279164
31531 0.0279397
655 0.0279979
1588 0.0280478
2720 0.0280515
35661 0.0280754
7799 0.0281456
4110 0.0281835
32577 0.0282577
6398 0.0285409
35899 0.0285675
27324 0.0286568
23972 0.0286976
20844 0.0287033
27470 0.0288796
13388 0.0289266
33404 0.028951
24781 0.0289897
2718 0.0290197
29654 0.0290216
11602 0.0291555
4441 0.0291891
32876 0.0292213
17911 0.0292494
18095 0.0293262
32860 0.0294022
8372 0.0294789
6395 0.0295953
3791 0.0296102
22728 0.0296523
17501 0.0296889
33639 0.0300438
1586 0.0301773
33635 0.0302841
22732 0.0303219
29946 0.0303595
3820 0.0303959
23152 0.0304026
6934 0.0305034
24780 0.0305381
19875 0.0305395
24765 0.030544
29051 0.0307571
27947 0.03076
27949 0.0308397
35896 0.0308627
24759 0.0308798
29053 0.0309193
32720 0.031142
7724 0.0312449
4460 0.0312794
26339 0.0313497
6503 0.031405
23862 0.031433
29059 0.0314953
2719 0.0315233
654 0.0315285
23156 0.0316567
2484 0.0317274
31456 0.0317997
4161 0.0318056
29049 0.0322037
29437 0.0322055
4424 0.0323762
3797 0.0324286
8888 0.0324629
17794 0.0324838
6393 0.0325532
31614 0.0325833
31503 0.032606
653 0.0326355
7293 0.0328125
32929 0.0328212
6384 0.0328231
17829 0.0330731
33637 0.0331862
24823 0.0332103
2717 0.0332273
3807 0.0332507
3811 0.0332993
27713 0.0333616
8374 0.0337706
1584 0.0339613
1589 0.0340964
31493 0.0342876
2671 0.0345047
1585 0.0346059
31486 0.0347469
27328 0.0349578
24814 0.0350416
3283 0.0353423
24755 0.0355313
29399 0.0355432
29047 0.035747
20850 0.0357654
32933 0.0361011
6388 0.0361029
4116 0.0363308
30814 0.0364794
18723 0.0364874
7723 0.0365233
2667 0.0365679
20847 0.0365785
8833 0.0366749
2472 0.0366891
2673 0.0367941
34795 0.0368786
4163 0.0369279
2669 0.0370302
33417 0.0371049
32587 0.0371259
4165 0.0372523
4158 0.0373078
1970 0.0373405
12845 0.0373418
18720 0.0373722
10494 0.0376039
29791 0.0376172
24782 0.0376236
33299 0.0376866
17908 0.0379604
33405 0.038176
24810 0.038234
2081 0.038276
31478 0.0384797
35894 0.038557
17905 0.0385591
24807 0.0387328
6457 0.0387529
35654 0.03877
652 0.0388012
4130 0.0388015
2655 0.038831
2462 0.0388564
22819 0.038889
3275 0.0390115
3288 0.0391048
2651 0.0391817
2736 0.0391866
2752 0.0392055
20848 0.0392226
20865 0.0392987
3280 0.0393301
23979 0.039335
2683 0.039407
2674 0.0394749
2658 0.0395701
20846 0.039615
18098 0.0396474
23870 0.0397435
6455 0.0399339
2646 0.0399432
24769 0.0400011
31468 0.0400612
2456 0.0401795
20849 0.0401845
2082 0.0402243
12835 0.0403695
23938 0.040373
32590 0.0403832
2678 0.0404716
24045 0.0407429
33173 0.0407892
27718 0.0409415
15482 0.0409962
17898 0.0412998
2083 0.0413209
21356 0.0415701
32915 0.0416264
2722 0.041994
2084 0.0420086
1590 0.0421161
6391 0.042158
17901 0.0422365
20867 0.0422596
16257 0.0424605
6936 0.0424845
10436 0.0425352
4132 0.0425828
18718 0.0426863
32594 0.0427443
23975 0.0428068
20869 0.0429555
24776 0.0429666
33408 0.042983
17890 0.0431514
32598 0.0432365
31463 0.0432709
7380 0.0433271
4167 0.0435048
8380 0.043534
8376 0.04369
28986 0.0437929
2689 0.0442653
32622 0.0442798
24772 0.044431
2690 0.0444911
7382 0.0448469
2824 0.0449556
4169 0.0451449
6453 0.0453354
659 0.0453357
3273 0.0454529
19873 0.0454785
2681 0.0455208
4155 0.0455404
6463 0.0455434
2754 0.0455442
19871 0.0456297
22054 0.0456374
18716 0.0458155
28989 0.0458413
28988 0.0458498
30811 0.0458521
8378 0.0462796
2721 0.0464458
21358 0.046454
19869 0.0464789
3270 0.0466969
8381 0.046734
6467 0.04682
34802 0.0468973
2692 0.046927
2757 0.0469828
24785 0.0470823
4120 0.0473167
29688 0.0475384
28578 0.0475794
7371 0.047687
651 0.0478544
29692 0.0481849
2685 0.0482165
20901 0.0484157
34296 0.0484636
18100 0.0486187
23983 0.0495774
2085 0.0503763
35744 0.0505646
29393 0.0506105
29681 0.0507494
23997 0.0509018
17407 0.0510638
4138 0.0512725
650 0.0515232
4150 0.0516037
8382 0.0518145
20273 0.0518561
31628 0.0519764
2822 0.0519832
6377 0.0522089
34752 0.0522779
19866 0.0523716
28136 0.0524992
15480 0.05269
1971 0.0527448
30809 0.0529962
22056 0.0536772
23881 0.05368
6931 0.0537284
24030 0.0539299
23986 0.05396
2086 0.0546704
2760 0.055595
6762 0.0558473
17795 0.0562495
7109 0.0565786
22059 0.0565922
2733 0.0567359
31620 0.0569988
17405 0.0573972
7373 0.0574449
8383 0.0576002
2087 0.0577838
35746 0.0580601
11114 0.0581272
6780 0.0583673
22063 0.0588468
22061 0.0590455
10484 0.0594871
22065 0.0595139
30804 0.0599187
32631 0.0604616
28984 0.0604713
34680 0.0605135
23925 0.0610029
30438 0.0611793
10446 0.0612237
2775 0.0612269
7113 0.0612546
19883 0.0615582
2785 0.0616373
29695 0.0618337
8392 0.0618989
6937 0.0619852
649 0.062145
17409 0.0622261
23909 0.0625332
7115 0.0626546
8385 0.0627135
34739 0.0630784
7117 0.0632933
20897 0.063355
10451 0.0633691
23902 0.0634277
17404 0.0635115
2501 0.0635349
18108 0.0636136
8401 0.0637361
2088 0.0637489
10460 0.0639926
28981 0.0640335
30621 0.0653242
10472 0.0653594
7383 0.0653613
2723 0.0656361
8388 0.0660189
23918 0.0668178
12905 0.0668878
23885 0.0669451
28977 0.067069
34804 0.0670919
28572 0.0675904
18125 0.067733
1972 0.0679831
7957 0.0680559
19421 0.0686337
12891 0.06866
35748 0.068985
2820 0.069069
22088 0.069079
29388 0.0691659
31651 0.069306
32636 0.0693601
28961 0.0698446
2763 0.0702404
23887 0.0704499
19422 0.0708631
23889 0.0709412
648 0.0720528
19423 0.0723707
2788 0.0731145
19424 0.0748197
29699 0.0748684
6930 0.0750812
26303 0.0760247
2726 0.0760765
30775 0.0760938
19861 0.0761111
28567 0.0763324
11117 0.0764533
8409 0.0764936
20325 0.0771438
22084 0.0771751
22075 0.0771832
2818 0.0772884
6938 0.0780331
17427 0.0793342
22073 0.0794073
2799 0.0803007
7369 0.0806274
6912 0.0806655
22079 0.0806857
13218 0.0806951
28976 0.0812407
2792 0.0819449
34682 0.0821077
2795 0.0823737
31650 0.0824627
2504 0.0825001
16925 0.0825099
22081 0.082526
8412 0.0826712
28964 0.0827263
7950 0.082882
22070 0.0829066
19425 0.0833107
2724 0.083458
7170 0.0839269
19858 0.0843899
23891 0.0850353
2814 0.0858489
26313 0.0860668
26311 0.0862077
6939 0.0865215
28957 0.0866701
22077 0.0867631
20319 0.0875367
7848 0.0876456
20331 0.0877993
28975 0.0891061
17797 0.089452
6929 0.0899489
31649 0.0901066
2803 0.0903322
7364 0.0905045
2811 0.0906295
22799 0.0907013
20345 0.0917562
19854 0.0923635
19426 0.0927751
647 0.0932073
23895 0.0932364
6786 0.0935761
2807 0.0937246
28970 0.0943874
34807 0.0944903
28971 0.094955
28966 0.0951983
13272 0.0959727
16891 0.0962083
28972 0.0971869
28973 0.0990121
23893 0.0990624
20889 0.101606
28974 0.101632
8759 0.101728
7985 0.102841
7931 0.105428
6913 0.105813
11128 0.105996
28968 0.106036
28955 0.107209
7384 0.107277
24191 0.107807
34812 0.108494
34725 0.108701
7945 0.109377
6928 0.109651
2508 0.110249
24367 0.112239
19967 0.112291
660 0.113235
17798 0.113791
34684 0.113913
29209 0.115358
3492 0.116374
7176 0.117259
26915 0.119414
22807 0.120709
7942 0.121125
20354 0.121295
7362 0.121578
24371 0.121585
22808 0.121705
26916 0.121865
26914 0.121958
26917 0.122097
24369 0.122315
26242 0.123517
16882 0.123533
7988 0.123977
22809 0.124853
26918 0.125311
26919 0.12583
26920 0.126523
26921 0.127287
20180 0.130147
22806 0.13036
6914 0.130369
28538 0.130862
1472 0.131321
7386 0.131452
8793 0.13162
6793 0.132787
7933 0.13281
22411 0.132877
8807 0.133815
7192 0.13408
6375 0.134903
11131 0.135154
26922 0.135593
6927 0.13579
28357 0.136435
7188 0.13668
17799 0.137013
8761 0.138272
8788 0.138422
7940 0.138558
7186 0.138596
22805 0.140402
28362 0.140566
20360 0.140585
8785 0.140949
28539 0.141487
26923 0.141849
11495 0.14225
34698 0.142415
7845 0.143639
7180 0.143751
8772 0.143851
646 0.143929
8809 0.144048
34692 0.144396
8777 0.14484
7991 0.14485
8774 0.145095
7390 0.14583
7184 0.146662
11486 0.146683
11504 0.146918
8808 0.147387
26924 0.148555
7938 0.148842
34711 0.150493
30385 0.151391
34704 0.151529
22420 0.151682
662 0.152881
7388 0.153012
20499 0.153883
28540 0.15416
7935 0.154944
5047 0.155267
34701 0.15614
7207 0.156613
11134 0.1568
7361 0.157111
6915 0.157616
16877 0.159671
661 0.160433
30388 0.160702
26925 0.163785
20492 0.163947
7195 0.164986
26247 0.165216
7205 0.167199
683 0.168474
7204 0.16963
684 0.170654
675 0.170717
663 0.171474
682 0.173472
8767 0.174872
35430 0.175059
7994 0.175275
28354 0.175405
16874 0.178421
7202 0.178594
2144 0.17925
11510 0.17964
6917 0.182842
17723 0.183423
20487 0.184731
3495 0.184773
11136 0.185837
645 0.187931
7200 0.189005
20371 0.18961
26252 0.191827
15694 0.192358
15693 0.193193
16849 0.194303
7198 0.19471
20382 0.195721
16860 0.198225
16871 0.199711
7842 0.19992
6919 0.203129
15691 0.204288
20397 0.205731
17721 0.205731
6921 0.206236
22428 0.206702
15689 0.208024
6923 0.208936
16868 0.209277
6924 0.209403
16864 0.2098
3498 0.212328
20482 0.214726
2147 0.215689
34846 0.216938
12563 0.217109
17213 0.220107
11521 0.220664
11138 0.221203
673 0.223329
644 0.225111
20424 0.225476
17212 0.226519
20437 0.228426
11523 0.230495
3192 0.232899
34845 0.232974
2150 0.233679
35428 0.233713
20405 0.23557
20418 0.235817
15643 0.236008
15641 0.236254
20430 0.237103
15639 0.239283
11140 0.240771
17211 0.242428
34844 0.242758
664 0.244147
15654 0.245346
7840 0.246769
15645 0.247159
34843 0.247385
20454 0.250048
20167 0.250341
28351 0.251267
28345 0.253816
20409 0.255871
15649 0.256893
15647 0.257994
643 0.259094
17210 0.261946
12592 0.266974
665 0.268624
20439 0.277371
34842 0.280826
670 0.285156
27995 0.28566
7838 0.287
3189 0.292721
642 0.293555
20531 0.297356
20442 0.297846
3500 0.300331
627 0.303842
35426 0.304023
12599 0.307465
667 0.310458
640 0.323314
641 0.324014
3185 0.328252
3187 0.33301
638 0.333456
626 0.349607
35424 0.379964
3505 0.392274
3523 0.400166
625 0.405111
3511 0.420482
3517 0.432462
24203 0.433119
35422 0.443062
624 0.455732
35408 0.461018
613 0.476727
614 0.478092
340 0.480365
612 0.486864
615 0.489737
35420 0.490233
7820 0.495261
338 0.495579
609 0.495596
341 0.495851
611 0.495859
623 0.499788
35413 0.500608
336 0.502816
24255 0.50377
610 0.506943
621 0.508188
35418 0.514751
622 0.516966
35416 0.532859
334 0.547911
7648 0.557683
342 0.560321
332 0.576103
343 0.610702
344 0.662013
345 0.689065
382 0.737696
383 0.740788
377 0.74144
378 0.742515
376 0.744006
346 0.745732
381 0.749662
379 0.75116
348 0.751189
349 0.751407
352 0.754631
350 0.757237
380 0.757302
354 0.763639
353 0.765652
355 0.77604
