20288 0.0596823
20292 0.111136
20284 0.134035
2456 0.164322
2452 0.164969
20297 0.165124
2444 0.167532
2438 0.169108
2435 0.183848
7766 0.19008
7763 0.20709
23881 0.207373
29871 0.207666
7729 0.209226
20273 0.211874
28824 0.216954
7731 0.217131
23885 0.219006
31478 0.21901
2431 0.219095
29872 0.21935
7728 0.220567
8339 0.223491
2736 0.224069
31486 0.224102
23210 0.22536
8332 0.226505
28838 0.226725
8325 0.227186
2719 0.227322
28799 0.227889
31468 0.228338
3415 0.228704
28815 0.22893
7733 0.228958
28856 0.229064
2733 0.22919
8316 0.229551
28853 0.229805
2706 0.229814
2718 0.230031
31463 0.230036
28788 0.231252
23234 0.23141
19762 0.231489
20304 0.23261
31690 0.232972
28864 0.233485
28784 0.23367
2702 0.234268
28858 0.234315
31493 0.23434
2429 0.234654
29873 0.234959
19758 0.235316
20652 0.235356
2738 0.235606
7727 0.235868
35674 0.236292
2717 0.236865
20650 0.236897
11084 0.236963
2720 0.237031
11091 0.238173
31662 0.238461
28844 0.238581
23866 0.239091
20848 0.239294
33311 0.239581
23212 0.239974
35668 0.240242
16836 0.240933
23811 0.24099
23887 0.241279
28860 0.241837
31456 0.24203
2732 0.242171
20763 0.242432
35602 0.242432
8311 0.242556
2708 0.242707
23775 0.242713
20645 0.242792
33307 0.242862
8277 0.243312
8307 0.243349
23227 0.243445
33315 0.243499
20781 0.243635
8252 0.24365
23827 0.24457
11586 0.244596
16838 0.244881
35665 0.244977
20621 0.245015
28862 0.24536
24604 0.245915
32577 0.246018
11587 0.246359
2598 0.246621
20654 0.246668
11585 0.246966
24640 0.247349
2721 0.247726
31503 0.247851
33319 0.247869
16818 0.247956
33305 0.248143
32571 0.248372
23138 0.248756
20849 0.248964
33321 0.24904
20847 0.249089
20565 0.249224
24592 0.24931
7725 0.249748
3416 0.249786
11598 0.250181
11600 0.250238
31660 0.250327
31692 0.250454
33325 0.250476
20613 0.250549
7945 0.250689
29565 0.250741
11602 0.250865
2740 0.251014
29784 0.251375
2426 0.251594
33323 0.251628
7709 0.251635
16839 0.251688
23862 0.251726
11097 0.251758
20607 0.251828
11589 0.251979
2716 0.251993
28763 0.252035
2729 0.252249
7950 0.252385
32804 0.252589
23172 0.25316
20850 0.253245
20746 0.253283
20657 0.253789
7973 0.253816
4441 0.25384
21743 0.253996
28754 0.254128
7695 0.254231
7723 0.254346
24776 0.254471
5157 0.254559
2587 0.254778
26683 0.255172
17487 0.255627
34553 0.255759
26692 0.255782
33327 0.255873
32845 0.255933
650 0.256168
17507 0.256254
2692 0.256911
24772 0.25699
16816 0.25709
16834 0.257272
20735 0.257315
32929 0.257428
24765 0.257467
23145 0.257489
24576 0.257534
11596 0.257675
29603 0.257691
16840 0.25777
29622 0.257957
5202 0.25803
32773 0.258085
20583 0.258103
20806 0.258333
23225 0.258367
7689 0.258456
32769 0.258743
26705 0.258835
26680 0.258902
651 0.258957
24759 0.258986
5205 0.259133
2655 0.259178
17503 0.259206
34552 0.259212
15361 0.259241
5121 0.259287
32839 0.259334
33329 0.259357
28746 0.259395
7966 0.259567
24814 0.259595
11604 0.259676
5169 0.259745
29663 0.259751
17489 0.259826
25029 0.259952
20846 0.259971
29615 0.259997
19697 0.260051
23162 0.260079
19703 0.260109
5175 0.260152
2423 0.260269
16842 0.260446
19699 0.260549
26785 0.260704
24984 0.260711
33303 0.260733
24769 0.260787
28904 0.260855
17484 0.260881
26592 0.260927
5210 0.260965
32566 0.261007
2742 0.261164
33260 0.261216
29681 0.26128
25055 0.261297
20720 0.261304
28734 0.261685
26757 0.261752
20601 0.261906
29654 0.261963
33331 0.261997
28592 0.26204
23831 0.262135
5162 0.262251
7838 0.262264
26751 0.262265
28727 0.262379
20852 0.26247
19706 0.262656
20812 0.262665
26595 0.262668
5109 0.262684
19694 0.26285
35654 0.262889
34549 0.26296
26587 0.262991
35517 0.263035
11590 0.263036
5200 0.263037
7724 0.263098
7957 0.26312
2722 0.263139
26530 0.263196
24992 0.263197
2651 0.26328
31440 0.26337
16820 0.263431
4424 0.263639
17491 0.263659
26744 0.263754
26782 0.263776
10191 0.263791
24780 0.263801
24688 0.263816
26525 0.263925
7683 0.263955
26789 0.264002
26747 0.264028
15473 0.26405
29876 0.26426
29649 0.264271
17481 0.26437
24823 0.264499
26597 0.26466
28919 0.26469
33262 0.264837
17611 0.264865
20815 0.264865
32562 0.264872
24975 0.264991
24810 0.265032
33333 0.265143
32524 0.26516
29692 0.265165
5184 0.26519
31531 0.265232
23160 0.265305
5197 0.265473
26787 0.265538
28731 0.265562
7975 0.265628
5097 0.265652
26488 0.265665
26777 0.265668
7961 0.265714
24778 0.26573
16815 0.265749
2579 0.265784
25057 0.265862
32795 0.26587
26497 0.265884
20699 0.265909
26677 0.266071
25113 0.266107
2646 0.266189
32507 0.266335
20185 0.266445
5195 0.266448
24978 0.26653
15474 0.266577
26499 0.266589
2728 0.266827
7942 0.266844
20696 0.267064
28599 0.2671
25095 0.267126
20703 0.267178
11102 0.267193
26494 0.267232
32850 0.267258
2715 0.267341
19691 0.267409
26733 0.267412
24982 0.267434
28729 0.267481
26759 0.267557
16832 0.267709
11595 0.267728
26486 0.267802
11606 0.267856
19710 0.267956
20199 0.268004
24832 0.268011
15355 0.268016
28584 0.268057
28893 0.268334
28700 0.268339
5193 0.268353
15472 0.268371
32860 0.268388
22785 0.268393
26523 0.268398
15385 0.268418
35554 0.268427
34547 0.268454
32759 0.268532
15475 0.268622
20693 0.268741
16814 0.268753
28607 0.268877
28715 0.268963
26518 0.268985
28868 0.269038
2658 0.269113
26428 0.269304
26482 0.269343
25118 0.269367
32781 0.269505
19716 0.269525
20710 0.269553
24713 0.269569
24807 0.269622
23148 0.269655
24973 0.269718
26541 0.269777
19687 0.269784
31658 0.269798
7679 0.269905
28728 0.26993
26584 0.269931
20660 0.269932
26709 0.269957
20690 0.26998
35521 0.269991
29695 0.269992
20265 0.270031
29502 0.270286
2581 0.270379
4388 0.270424
26484 0.270491
3854 0.270512
17615 0.270515
26514 0.270516
3849 0.270551
29627 0.270562
25136 0.270606
34545 0.270607
34543 0.270676
3847 0.27068
26426 0.270803
26501 0.271012
28578 0.271046
28623 0.271076
33301 0.271095
19684 0.271162
32502 0.271183
26507 0.27122
33264 0.271318
35560 0.271396
29645 0.27161
24856 0.271678
20844 0.271721
26430 0.271754
25083 0.271849
19454 0.271913
24899 0.272058
29501 0.272061
6379 0.27209
24802 0.272095
19718 0.272129
5257 0.272141
26504 0.272238
5296 0.272254
29878 0.27228
20863 0.272374
16845 0.272399
6391 0.2725
20718 0.272506
20663 0.272513
26512 0.272527
4411 0.272596
26674 0.272614
26432 0.272681
7835 0.27275
34541 0.272757
28717 0.27281
16849 0.272923
15470 0.273051
11592 0.273057
20666 0.273108
2662 0.273127
24903 0.273135
24917 0.273195
19456 0.27323
26724 0.273269
33335 0.273304
19679 0.273473
3787 0.273487
28679 0.273507
2669 0.27352
15232 0.27362
31604 0.273662
28726 0.273702
7840 0.273716
33338 0.273812
26434 0.273916
24933 0.273936
24969 0.27397
24749 0.273975
26436 0.273978
19675 0.273992
20681 0.274023
24863 0.274143
31582 0.274158
25059 0.274266
19458 0.274293
29500 0.274298
24755 0.274298
25080 0.2743
33266 0.274308
25070 0.27434
2418 0.274348
2723 0.274449
17618 0.274459
34540 0.274504
3791 0.274552
3816 0.274712
2744 0.274712
24746 0.274758
28724 0.274798
26448 0.274834
28637 0.274837
24950 0.274852
24781 0.274854
456 0.274886
24792 0.274896
29499 0.274947
24752 0.27501
26424 0.275023
26456 0.27506
28935 0.275064
31695 0.275109
3851 0.275209
26442 0.275231
5335 0.275281
20685 0.275298
26560 0.275304
26712 0.275382
25073 0.275425
34539 0.275468
19672 0.275488
16830 0.275492
15476 0.275504
19720 0.275519
3797 0.275533
26398 0.275533
24942 0.275579
20595 0.275589
19724 0.275594
14908 0.275616
26618 0.275657
20865 0.27569
26409 0.275696
20673 0.275714
26478 0.275728
33268 0.275734
19452 0.275797
24889 0.275803
15396 0.275895
29496 0.276035
3807 0.27616
3874 0.276225
2639 0.276236
2712 0.27646
19722 0.276551
25126 0.276558
34538 0.276583
20706 0.276683
29485 0.276701
32754 0.276775
28719 0.276803
29699 0.276836
29489 0.276886
26466 0.27689
17621 0.276911
11594 0.276922
26581 0.276925
28673 0.27695
29491 0.276951
20676 0.276975
34536 0.276999
5287 0.277085
2665 0.277103
24737 0.277115
29488 0.277208
6897 0.27721
25226 0.277244
26669 0.277285
34530 0.277487
29480 0.277526
26720 0.277592
16822 0.277687
20669 0.277694
11593 0.277717
29475 0.277753
3871 0.277789
29879 0.277831
3779 0.277879
34534 0.277882
31614 0.277906
34532 0.277912
24959 0.277928
29487 0.277994
10189 0.278017
19459 0.278105
35527 0.278147
26579 0.278169
3868 0.278185
28654 0.27824
22769 0.278251
3764 0.278311
15477 0.278337
19669 0.278425
17623 0.27843
18458 0.278446
29636 0.278501
20182 0.278508
35511 0.278574
2667 0.278607
2727 0.278628
2714 0.278641
26573 0.27871
33341 0.278866
18460 0.278885
20837 0.278886
9843 0.278917
32488 0.278959
3838 0.279085
26714 0.279204
32785 0.279211
649 0.279255
24785 0.279393
19449 0.279441
2690 0.279508
33299 0.279532
652 0.279538
653 0.279593
34526 0.279666
11608 0.279669
32812 0.279692
33271 0.279693
459 0.279756
3811 0.279762
34485 0.279822
23151 0.279829
5306 0.279916
16827 0.279973
24782 0.280044
33888 0.28005
15303 0.280126
26577 0.280146
3820 0.280229
23158 0.2803
28572 0.280332
3856 0.280351
2671 0.280385
17627 0.280449
20867 0.280456
28666 0.280457
28720 0.280478
3824 0.280481
15419 0.280496
25075 0.280674
19464 0.28072
457 0.280763
20897 0.280834
33346 0.280885
2724 0.280998
458 0.28106
15215 0.281167
11107 0.281173
29708 0.281209
15229 0.281475
15411 0.281533
24946 0.281794
26717 0.281827
34519 0.281948
20854 0.281956
35625 0.282005
20840 0.282026
6899 0.28207
19666 0.282087
19470 0.282142
33273 0.282149
2414 0.282164
28723 0.282232
23152 0.282297
20882 0.282298
34514 0.282363
20821 0.282679
648 0.282782
17630 0.282835
20833 0.282845
2726 0.282852
24896 0.282871
35513 0.282907
3858 0.282951
3711 0.283038
20708 0.283163
15424 0.283275
6901 0.283393
9825 0.283508
19482 0.283605
2408 0.283668
3704 0.283699
5307 0.283747
5277 0.283788
3756 0.283958
28957 0.283983
7940 0.284014
20828 0.284014
9869 0.284067
3860 0.284268
5310 0.284298
15478 0.284388
19591 0.284441
15249 0.284443
15414 0.284465
9873 0.284471
23156 0.284552
33348 0.284573
35583 0.28462
2673 0.284689
9871 0.284864
14902 0.284893
28721 0.284941
460 0.285085
32631 0.285147
28955 0.285358
28722 0.285466
20860 0.285656
33275 0.285699
15468 0.285768
20879 0.285885
11615 0.285888
15227 0.285917
32675 0.28604
20856 0.286101
7293 0.286177
33277 0.286206
33297 0.286421
35748 0.28654
35752 0.286631
20858 0.286683
6377 0.286885
31656 0.287
22767 0.287296
11613 0.287545
15222 0.287575
11614 0.287734
789 0.287748
794 0.287755
28567 0.287782
19445 0.287997
793 0.288076
15489 0.288099
15428 0.288139
33279 0.288437
15482 0.288439
9901 0.288446
15447 0.28846
16825 0.288504
15480 0.28854
3697 0.288552
9866 0.288599
2746 0.28864
796 0.288925
9837 0.288963
7842 0.289081
15436 0.289245
2689 0.289339
795 0.28936
20360 0.289496
3754 0.289542
15457 0.289671
32682 0.289904
34581 0.290061
18613 0.290093
20354 0.290262
3418 0.290298
9861 0.290323
5308 0.290468
6904 0.290478
3736 0.290602
15400 0.290634
11609 0.290668
15260 0.290673
15479 0.290796
3721 0.290848
11612 0.290849
18618 0.290878
9848 0.290964
2674 0.290999
20869 0.29105
33295 0.291069
792 0.291109
2678 0.291227
34583 0.291315
17635 0.29142
19442 0.291507
790 0.291721
28563 0.291724
797 0.29175
791 0.291787
9903 0.291822
6906 0.291948
24498 0.292077
3902 0.292087
3752 0.292393
733 0.292521
35510 0.292578
15263 0.292621
15410 0.292707
33281 0.293279
20871 0.293361
7302 0.293549
9905 0.293836
800 0.293898
647 0.294014
28961 0.294223
33284 0.294236
19440 0.294565
11611 0.294583
18623 0.294767
33293 0.294779
28559 0.294809
32448 0.294942
15485 0.295001
2687 0.295116
441 0.295168
798 0.295256
19425 0.295314
455 0.295402
33287 0.295472
19432 0.29553
7671 0.295763
26906 0.295788
2681 0.295915
33044 0.29616
19433 0.296201
9864 0.296406
448 0.296426
20873 0.297099
3750 0.297298
24491 0.297509
19438 0.297712
20884 0.297851
3740 0.297923
15182 0.297986
28964 0.298087
33289 0.298144
9863 0.298202
20204 0.298413
3747 0.298708
7938 0.298914
33291 0.29892
18610 0.299063
17645 0.299278
438 0.299605
28555 0.299792
11610 0.299903
442 0.299924
35509 0.300025
15206 0.300029
2683 0.300286
15177 0.300382
35508 0.300386
19431 0.300544
19436 0.30059
15407 0.300697
20371 0.300862
454 0.300937
15200 0.301038
2749 0.301044
3687 0.302393
19426 0.302432
9895 0.303031
7845 0.303095
32536 0.303147
20310 0.304049
20180 0.304522
3691 0.304595
6375 0.305052
7665 0.305055
440 0.305143
439 0.305341
10027 0.306042
28551 0.306672
3679 0.306739
11114 0.307139
7662 0.307578
7868 0.307603
18608 0.307986
20345 0.308442
9909 0.309223
5020 0.309544
660 0.312103
8806 0.313306
464 0.313783
28968 0.313804
28547 0.314006
26904 0.315068
19249 0.31572
28978 0.31675
10012 0.317226
450 0.317728
5043 0.318202
7830 0.318223
34587 0.318688
6373 0.319235
5032 0.319293
3676 0.319752
28545 0.319964
11117 0.320055
7935 0.320824
8788 0.321204
26899 0.321764
7305 0.321788
625 0.322087
646 0.322124
11128 0.322486
27880 0.322577
626 0.322749
7660 0.323052
20207 0.32363
20225 0.325324
20527 0.325567
8774 0.326043
20178 0.326385
17725 0.326733
28543 0.326803
26903 0.326885
8772 0.326959
624 0.327004
28540 0.328288
8801 0.328952
8785 0.329123
26914 0.3292
20382 0.32923
470 0.329358
468 0.329635
7658 0.329689
627 0.329828
8759 0.329873
28541 0.330293
11136 0.330375
7828 0.331267
17727 0.331924
623 0.332539
26900 0.333198
8793 0.333246
28436 0.33334
20523 0.333504
28530 0.33373
8777 0.334038
7309 0.33404
8767 0.334065
28531 0.334164
28539 0.334393
28535 0.334492
26902 0.334698
11134 0.334991
28534 0.33503
28536 0.335243
28538 0.335251
659 0.335499
28528 0.335854
7933 0.335926
631 0.336069
26901 0.336296
28537 0.336322
34589 0.336355
8761 0.336481
3674 0.337041
20397 0.337076
28519 0.337457
28529 0.337747
20211 0.337825
34915 0.338004
28527 0.33859
28532 0.338804
28518 0.339024
34593 0.339649
28533 0.339862
20506 0.340129
632 0.340386
7656 0.34059
28520 0.340874
6371 0.341857
630 0.342076
628 0.343002
28496 0.343171
34914 0.343354
20217 0.343767
34591 0.343993
629 0.344546
7931 0.346352
28526 0.34662
34916 0.346718
473 0.346772
480 0.347539
24343 0.34759
28521 0.348047
3672 0.349112
20176 0.350594
7315 0.350761
645 0.350868
28516 0.351025
7924 0.351242
633 0.351395
20172 0.351608
34913 0.351667
476 0.352292
6369 0.353148
20174 0.353308
27886 0.35361
7655 0.353688
28501 0.353765
20170 0.354501
28514 0.355196
28525 0.355569
20167 0.355842
621 0.356554
20331 0.356638
34648 0.356757
28511 0.360941
20313 0.361585
28522 0.361902
634 0.362279
3670 0.36283
28505 0.362929
20405 0.36324
7325 0.363517
28524 0.363519
644 0.364534
6367 0.364586
28508 0.36505
34698 0.36657
7654 0.368466
620 0.368784
34684 0.368902
635 0.369157
34692 0.370035
6366 0.370149
24342 0.370671
34917 0.371264
3668 0.37127
34654 0.372007
28523 0.372082
34682 0.372271
35325 0.373138
35330 0.374265
34680 0.37497
637 0.375144
35318 0.376211
638 0.376867
35324 0.378239
643 0.379873
7824 0.380074
20409 0.381339
35320 0.381797
642 0.382708
6364 0.382727
35338 0.385059
640 0.385559
35335 0.385636
619 0.385888
35323 0.386195
35340 0.387008
3666 0.387155
167 0.387764
35322 0.388295
641 0.389757
7653 0.389928
7817 0.390458
7822 0.390526
7820 0.390958
8755 0.392049
20325 0.393728
618 0.394394
20319 0.394556
3476 0.394904
34918 0.395709
8754 0.403237
7652 0.409536
617 0.409701
15613 0.415918
35342 0.418211
616 0.420933
615 0.422479
15614 0.422548
15659 0.428572
35348 0.428667
15629 0.42928
35345 0.429355
15612 0.430068
15616 0.432041
15631 0.433502
15627 0.435174
15657 0.435549
34923 0.435597
34922 0.436388
15633 0.437024
15610 0.438236
15625 0.439676
15654 0.440682
15609 0.442583
15652 0.443469
15617 0.443732
15607 0.446311
15647 0.447128
15649 0.44783
15623 0.448237
15645 0.449889
15635 0.449916
15643 0.456787
15622 0.459454
15639 0.460256
15641 0.460661
15637 0.460977
15618 0.46129
34928 0.462048
15621 0.468432
15620 0.474078
15619 0.47872
310 0.498362
343 0.585824
344 0.597065
345 0.604125
