11114 0.0532091
18570 0.0605034
11117 0.0626884
11113 0.0653569
11110 0.0656062
30903 0.0766545
11108 0.0770924
32602 0.0778829
3821 0.0802621
33324 0.0817095
33326 0.0827674
29636 0.0832792
12992 0.0844594
33328 0.0860027
23870 0.0860812
3817 0.0862202
3831 0.0863953
11124 0.0866675
6905 0.0868213
32600 0.0869899
10479 0.0872013
33321 0.0875674
23881 0.0875761
22795 0.0896717
29109 0.089742
33330 0.0899496
23875 0.0905016
29904 0.0910089
23129 0.0911937
29615 0.0915051
29622 0.0915792
33319 0.0916331
10482 0.0938753
10485 0.0943476
20815 0.0946133
1960 0.0950255
32930 0.0951235
32819 0.0952454
20821 0.0957925
11645 0.0963666
33317 0.0965021
33034 0.0965543
32812 0.0972252
33332 0.0972532
23866 0.0976767
2677 0.0979764
23884 0.0982028
4040 0.098292
33334 0.0982965
28957 0.0986412
29627 0.0988452
23215 0.0995884
11578 0.0997154
32828 0.0998776
32741 0.100497
1959 0.10079
10273 0.100873
33640 0.100891
11643 0.101035
18258 0.101326
3841 0.102073
7710 0.102189
23217 0.102312
18267 0.102473
18244 0.102675
7694 0.102754
23212 0.102827
26463 0.102888
18269 0.10309
28928 0.103261
32736 0.103716
24765 0.104086
3813 0.10411
7682 0.104175
8337 0.10426
32807 0.104321
18245 0.104332
26454 0.104365
23862 0.104545
11641 0.104554
8330 0.105069
23210 0.105095
21346 0.10512
4458 0.105228
26787 0.1054
7724 0.105462
33638 0.105507
23030 0.105589
23133 0.105679
25058 0.105712
33336 0.105968
24761 0.106033
26785 0.106186
10477 0.10624
26782 0.106324
26631 0.106382
32810 0.106396
23132 0.106471
7723 0.106537
8360 0.106577
8325 0.106727
23218 0.106806
24491 0.106884
32805 0.106896
8311 0.106984
26474 0.106984
28955 0.107138
18714 0.107348
18709 0.10752
26777 0.107548
32934 0.107587
27434 0.1076
5170 0.107623
456 0.107764
22862 0.107781
17495 0.107868
5177 0.107991
23203 0.107997
7725 0.108007
7721 0.108045
18271 0.108051
8316 0.108098
18240 0.10823
18708 0.108249
33885 0.108482
8307 0.108531
2577 0.10882
31468 0.109054
26441 0.109117
33884 0.109164
26775 0.109195
8277 0.109287
33543 0.109339
18705 0.109371
26482 0.109538
10474 0.109579
29593 0.109757
32809 0.109782
3797 0.1099
21348 0.109937
4045 0.109939
33642 0.109994
20720 0.110079
19457 0.110135
32442 0.11018
11639 0.110202
9910 0.110233
7727 0.11031
32804 0.110429
8361 0.110513
23039 0.11054
26789 0.110561
18369 0.110562
33891 0.110575
23208 0.110699
455 0.110831
24949 0.11099
23219 0.111118
26769 0.111504
10280 0.111535
32771 0.111548
19459 0.111673
26762 0.11176
18703 0.111824
11102 0.111894
12693 0.112074
18716 0.112321
24790 0.112391
19721 0.112485
8252 0.11275
9913 0.112798
23887 0.112803
11637 0.113001
4005 0.113098
18710 0.113104
2076 0.113142
35758 0.113364
23207 0.113468
23206 0.113502
9838 0.113584
18713 0.113625
32801 0.113673
19723 0.113716
9907 0.113724
22848 0.113734
9921 0.113929
11566 0.113995
34467 0.114089
5164 0.114217
28660 0.114273
33037 0.11431
9915 0.114356
18712 0.114495
10254 0.114534
631 0.114535
26431 0.114543
18717 0.114567
18238 0.114635
7729 0.114651
7728 0.114693
33893 0.114963
27440 0.115085
5255 0.115257
29510 0.115303
18711 0.11535
33598 0.115532
4593 0.115656
13007 0.115816
18686 0.115961
8190 0.116114
26486 0.116225
26484 0.116247
33597 0.116254
18380 0.116284
26429 0.116398
19456 0.116416
33279 0.116425
33231 0.116511
630 0.116549
11635 0.116613
2049 0.116651
26752 0.116712
7730 0.116795
9917 0.116848
454 0.116861
24484 0.116901
15124 0.117014
28885 0.117024
26504 0.11726
2746 0.117292
3415 0.11735
9905 0.117396
33594 0.11741
26488 0.117468
26507 0.11751
10472 0.117614
19454 0.117764
17257 0.117873
33016 0.11796
28911 0.118442
2744 0.118502
19725 0.118503
19449 0.118581
26497 0.118765
3978 0.118871
5308 0.118895
6912 0.119017
26494 0.119026
26492 0.119064
9848 0.119064
791 0.119119
5307 0.119132
24800 0.119168
32731 0.119187
32776 0.119211
26524 0.119243
792 0.119276
10215 0.119306
23534 0.119342
34511 0.119389
26499 0.119476
7733 0.119729
18724 0.11985
18673 0.119928
27393 0.120065
5420 0.120088
11636 0.120089
790 0.120199
9924 0.120257
10469 0.120304
26382 0.120327
17253 0.120477
32963 0.120536
8223 0.120591
4556 0.120692
19760 0.120698
789 0.120719
23889 0.120943
4597 0.121031
17252 0.121033
32969 0.121055
11634 0.12108
32984 0.121085
5215 0.121114
5306 0.12118
17866 0.121307
3787 0.121487
9825 0.121512
35276 0.121537
24941 0.121539
9823 0.121755
4554 0.12177
3416 0.121798
2742 0.121824
33342 0.121857
787 0.121919
7734 0.121946
32849 0.122005
34572 0.122054
9903 0.122068
20910 0.122069
35288 0.122133
9895 0.122146
9904 0.122243
785 0.122244
9809 0.122258
793 0.122347
18721 0.122446
9843 0.122453
4425 0.122578
7735 0.122715
35289 0.122731
4614 0.12278
9861 0.122864
33040 0.122917
788 0.123003
28964 0.123111
812 0.123164
9897 0.12317
9896 0.123322
811 0.123373
24954 0.123537
813 0.1236
629 0.123608
5305 0.123674
783 0.12369
9489 0.123827
795 0.123832
9894 0.123921
18719 0.123934
9475 0.123993
4611 0.12408
632 0.124153
11266 0.124197
9859 0.12421
794 0.124217
9901 0.12422
11218 0.124231
9465 0.124238
24591 0.124318
9902 0.124332
9863 0.124365
11245 0.124405
4559 0.124446
9862 0.124447
2057 0.12452
33879 0.124671
32380 0.124671
27428 0.124694
796 0.124697
11257 0.124732
17855 0.12478
10019 0.12483
11239 0.124837
20718 0.124942
10462 0.124982
9451 0.125004
10218 0.125038
18358 0.125105
781 0.125137
9472 0.125139
9484 0.125169
15134 0.125265
11262 0.125342
9481 0.125437
11222 0.125441
9898 0.125459
10227 0.125485
9499 0.125532
11238 0.125573
3975 0.125582
10023 0.125614
11631 0.125615
2749 0.125684
5304 0.125748
19728 0.125769
9478 0.12578
26587 0.125823
29808 0.125867
9864 0.125887
4563 0.125901
20708 0.125958
11249 0.125977
9900 0.126024
9868 0.126063
11240 0.126076
11269 0.126089
22816 0.12616
33013 0.12617
16354 0.126173
33588 0.126225
9891 0.126238
35718 0.126298
17693 0.12632
797 0.126329
9434 0.126361
26425 0.12639
33591 0.126412
4511 0.126438
11242 0.126449
33289 0.126486
11237 0.126732
9797 0.126833
11246 0.126874
9870 0.126875
9866 0.126905
4576 0.126952
810 0.126975
9887 0.127032
11235 0.127055
19441 0.127079
8218 0.127224
32448 0.127345
33010 0.127387
20710 0.12739
798 0.127392
17832 0.127443
10837 0.12758
33589 0.12772
5763 0.127798
5302 0.127814
9889 0.127825
17840 0.12789
9874 0.127935
9884 0.127956
808 0.128141
7748 0.128184
32845 0.128226
8215 0.128341
22608 0.128434
7737 0.128435
32088 0.128466
4441 0.128489
984 0.128497
9872 0.128584
9878 0.128672
33877 0.128781
9782 0.128786
27377 0.128932
27397 0.128981
9886 0.129067
11629 0.129182
32457 0.129382
448 0.129428
18234 0.129435
4566 0.129458
19730 0.129506
10229 0.12953
800 0.129532
633 0.129659
21886 0.129703
22912 0.129709
33203 0.129766
4409 0.129769
23855 0.129829
20619 0.129887
10201 0.130047
2056 0.130068
807 0.130098
4388 0.130334
7744 0.130468
7740 0.130502
9437 0.130522
774 0.130543
9880 0.130552
28899 0.130566
3275 0.130577
19439 0.130619
29804 0.130727
32666 0.130738
10427 0.130761
11281 0.130928
778 0.130953
5301 0.131025
23892 0.131038
29568 0.13111
803 0.131125
11203 0.131416
9882 0.131446
35634 0.131606
32670 0.131649
30129 0.131704
5423 0.131741
5299 0.13177
11627 0.131792
806 0.131914
26267 0.132063
2045 0.132096
8920 0.132258
17939 0.132283
30083 0.132289
10436 0.132337
15503 0.132349
35511 0.132441
29972 0.132604
9403 0.132613
32239 0.132683
805 0.132857
26279 0.132989
21894 0.133156
12864 0.133362
8932 0.133408
15496 0.133455
29384 0.133641
29565 0.133691
35720 0.133901
10343 0.133935
10437 0.13399
8944 0.134047
9421 0.134114
2363 0.134116
20899 0.134192
3872 0.134235
29859 0.134266
10458 0.134353
10411 0.134445
4467 0.13445
968 0.134453
6639 0.134517
10761 0.13457
2738 0.134592
25135 0.134683
10196 0.134843
9423 0.134891
30141 0.134972
5257 0.135139
10171 0.135284
18658 0.135644
9426 0.135702
8807 0.135704
35058 0.135755
33503 0.135764
23891 0.135823
32534 0.135919
8162 0.135961
18015 0.135969
11626 0.136102
8857 0.136127
29559 0.136159
967 0.136343
33488 0.136486
14736 0.136512
18013 0.136535
8949 0.136597
10144 0.136642
10857 0.136661
17897 0.136692
961 0.136962
15266 0.137064
10198 0.137158
28788 0.137339
29383 0.137432
650 0.137528
32663 0.137651
31143 0.137885
970 0.138024
34246 0.138048
8859 0.138085
9441 0.13825
5769 0.13826
6518 0.138374
17823 0.138429
10438 0.138508
8197 0.138591
2752 0.138809
18009 0.138882
2631 0.138903
23893 0.138907
9428 0.138952
5097 0.139045
10194 0.139051
962 0.13916
959 0.139282
20552 0.139492
28972 0.139509
9927 0.139574
17819 0.139597
23895 0.139689
17694 0.139732
34333 0.140001
22708 0.140077
6433 0.140127
4637 0.140273
29856 0.140508
31948 0.140572
2640 0.140584
32286 0.140625
10193 0.140754
33297 0.140868
32659 0.140931
8884 0.141004
32562 0.141183
966 0.141226
20606 0.141508
16601 0.141561
8847 0.141639
6513 0.141989
6549 0.142037
964 0.142083
31139 0.142165
10191 0.142199
8904 0.142293
28971 0.142326
32275 0.142391
23833 0.142454
8873 0.142485
8845 0.142514
468 0.142732
5745 0.142987
17821 0.142988
15260 0.143057
11625 0.143135
8842 0.143175
10440 0.14327
9935 0.143278
8979 0.143408
16588 0.143437
628 0.143498
2831 0.14352
8838 0.143618
6913 0.143818
6511 0.143976
10455 0.144042
9962 0.144107
10187 0.144132
10136 0.144166
3362 0.144211
31409 0.144218
634 0.144266
11188 0.144326
29851 0.144339
9501 0.144362
32075 0.144476
17817 0.144594
9944 0.144615
32533 0.144626
10189 0.144627
24610 0.144687
9975 0.144744
8961 0.144748
10175 0.145063
22014 0.145128
5674 0.145203
8975 0.145355
8967 0.145368
23898 0.145415
8833 0.145573
8954 0.145617
30684 0.145635
965 0.145637
7918 0.145862
8823 0.146092
14721 0.146754
11180 0.146946
29679 0.147353
5416 0.147619
10441 0.147641
33471 0.147788
20883 0.147788
7925 0.147853
11613 0.147917
24632 0.147943
22653 0.148029
3969 0.148399
30146 0.148419
33873 0.148621
32565 0.148633
10340 0.148678
8828 0.148844
17697 0.148848
15452 0.148851
17695 0.148861
5750 0.149023
32531 0.149091
22549 0.149248
470 0.149388
10403 0.149512
11624 0.149554
19232 0.149583
10132 0.149597
18003 0.149778
20888 0.149829
8821 0.150234
3246 0.150243
3355 0.150417
3241 0.150438
2642 0.150468
15881 0.150534
5084 0.150648
9999 0.150758
11670 0.150799
21663 0.15098
3366 0.151056
22018 0.151635
10442 0.151658
6508 0.151702
23828 0.151808
20634 0.151973
10183 0.151976
3740 0.152007
22553 0.152088
29380 0.152459
957 0.152637
31703 0.152864
16840 0.152907
33487 0.153007
20702 0.153139
5066 0.153154
473 0.153282
22676 0.153412
4345 0.153616
32577 0.153733
11614 0.153883
11623 0.154224
7908 0.154418
21977 0.154507
29198 0.155015
6001 0.155107
445 0.155325
10117 0.155369
17815 0.155435
10452 0.15545
15458 0.155817
18172 0.155997
7898 0.156
27133 0.156229
15270 0.156798
2736 0.15728
21308 0.157476
11175 0.157538
35637 0.15768
2364 0.15775
8985 0.157773
10443 0.157871
23805 0.157965
33071 0.158081
10601 0.158378
11622 0.158384
10567 0.158401
2360 0.158489
17698 0.158596
20546 0.159016
20638 0.159095
11677 0.159189
20877 0.159208
31386 0.159383
17811 0.159407
11615 0.159531
7933 0.159634
27180 0.159826
20885 0.159845
35641 0.160059
10322 0.160201
10448 0.16047
35513 0.160498
15434 0.160577
452 0.160773
3231 0.161239
476 0.161524
956 0.161641
10396 0.161659
17814 0.161712
6133 0.161718
14699 0.161733
6914 0.161957
11621 0.16207
11616 0.16232
17736 0.162437
21363 0.162592
4641 0.163246
5069 0.163635
11680 0.164184
8005 0.164341
31305 0.164572
10444 0.164641
26995 0.164846
10446 0.164898
627 0.1649
17812 0.165142
635 0.165455
11617 0.165877
11620 0.165971
3702 0.166181
11618 0.166769
7993 0.167159
10308 0.167171
17813 0.167433
450 0.168019
2733 0.168082
21611 0.168637
21365 0.168691
29036 0.168695
31219 0.169
8815 0.170314
17732 0.171538
8003 0.171926
5024 0.172079
8814 0.172122
29693 0.172155
22769 0.172234
34593 0.172533
6146 0.172601
637 0.172758
11137 0.172985
11170 0.17317
27576 0.173186
17734 0.17432
7662 0.174647
27629 0.174711
17729 0.174971
10391 0.175146
33066 0.175316
2023 0.175634
8992 0.17569
31707 0.176306
27644 0.176573
27173 0.176851
7998 0.177043
8001 0.177304
3714 0.177472
2729 0.177732
3721 0.178167
34660 0.178388
2724 0.178967
2784 0.179223
7665 0.179318
5057 0.179454
25757 0.17971
26195 0.180136
31709 0.180594
27115 0.180669
2728 0.180813
10388 0.181246
2727 0.181577
10324 0.181851
10389 0.18201
1486 0.182256
22546 0.182513
638 0.182858
30330 0.183352
25755 0.183386
702 0.183455
31660 0.183563
6915 0.183996
27922 0.184174
7834 0.184516
10382 0.184813
20313 0.1849
27155 0.185475
25754 0.185647
19802 0.185769
4120 0.185879
14139 0.186033
25751 0.186172
1819 0.186364
30327 0.186797
7937 0.186829
7832 0.186837
10387 0.187018
14155 0.187248
10384 0.187337
11166 0.1879
9276 0.189431
9530 0.190241
6298 0.190567
718 0.190724
10977 0.191109
34671 0.193377
26204 0.195547
626 0.196117
27924 0.196154
480 0.19685
639 0.197739
6154 0.198483
11162 0.198593
4129 0.199382
725 0.199735
9528 0.1998
27926 0.199989
951 0.200599
8767 0.201905
21154 0.201981
19800 0.203679
23300 0.204073
831 0.204355
11725 0.205205
34916 0.205489
10987 0.205557
6897 0.206006
6371 0.206155
11157 0.20688
27927 0.207963
14193 0.208494
20310 0.208697
6885 0.209729
6888 0.209976
4340 0.21005
4940 0.210243
6373 0.210568
30314 0.211043
34674 0.213063
34915 0.215331
1135 0.215418
14099 0.215599
12010 0.216081
20307 0.216195
6367 0.216625
6369 0.216945
647 0.217592
4343 0.219
11151 0.219071
485 0.219295
16179 0.219437
34914 0.220314
8761 0.222517
417 0.223137
640 0.223237
33868 0.223989
11145 0.224259
11143 0.224501
1816 0.227957
6889 0.228854
19904 0.230045
1096 0.230113
34912 0.230208
1838 0.230264
15637 0.230605
16177 0.231038
413 0.231187
27118 0.23255
20301 0.233651
415 0.234121
14197 0.234173
7175 0.234381
20211 0.235612
643 0.23713
15635 0.237678
4953 0.239885
20294 0.240839
6896 0.240874
20204 0.241853
414 0.242865
646 0.243881
645 0.245063
1834 0.246103
642 0.246163
412 0.246382
23264 0.246438
641 0.24848
34910 0.24948
11438 0.250697
7226 0.251441
3461 0.252315
20284 0.252728
411 0.254431
16172 0.254792
3670 0.255203
20290 0.255867
4337 0.256918
14212 0.261485
4828 0.262081
6895 0.263016
34909 0.263436
11432 0.263518
20265 0.263718
20287 0.26588
11442 0.267511
8755 0.268242
6707 0.268305
20217 0.269337
20271 0.269637
23267 0.270474
34907 0.274601
11435 0.27473
20340 0.276007
20225 0.276546
11433 0.277603
6893 0.279465
8756 0.280092
6892 0.282345
4798 0.285004
30509 0.28559
11458 0.286256
7157 0.287713
7160 0.28926
7153 0.290658
675 0.290888
20442 0.291041
14215 0.291051
4785 0.291794
11430 0.294635
7066 0.295841
20352 0.295912
20439 0.296132
7158 0.296185
34905 0.296432
566 0.296581
7072 0.297858
7155 0.298574
11431 0.299644
7814 0.30163
406 0.303064
7156 0.304389
11429 0.306078
7154 0.30649
11428 0.308167
7152 0.30871
572 0.309065
404 0.310596
11423 0.311101
4334 0.311769
14290 0.312782
6654 0.313109
11427 0.315897
34979 0.316021
11426 0.316058
615 0.316172
15676 0.31725
34903 0.317493
14228 0.322264
7811 0.322677
11425 0.323902
402 0.324309
3472 0.328323
11424 0.328522
20357 0.33119
11421 0.331305
34901 0.33279
621 0.333366
400 0.334134
11419 0.334644
28325 0.335055
34978 0.336022
97 0.336791
7484 0.336804
34900 0.339309
29326 0.346275
4331 0.346476
7806 0.346604
620 0.347663
7807 0.347939
8753 0.351074
14287 0.353044
12364 0.354064
1316 0.354475
12374 0.358124
15579 0.358657
15581 0.362436
398 0.362512
12379 0.371181
14249 0.371703
8752 0.377789
20364 0.377869
14285 0.385275
14278 0.387426
14281 0.387588
20394 0.395792
14275 0.401205
8751 0.402442
20380 0.407665
14261 0.408314
14271 0.411454
604 0.412401
34964 0.423809
14265 0.428887
14268 0.429556
602 0.430845
8750 0.43537
34965 0.440422
597 0.443598
34966 0.461668
8749 0.463582
8748 0.470027
34969 0.470125
7046 0.471998
34970 0.473334
170 0.485878
8746 0.494595
26145 0.494898
7045 0.497789
153 0.49996
8745 0.50046
8747 0.505992
35399 0.517159
182 0.54314
219 0.55715
236 0.568435
310 0.622831
315 0.630232
319 0.637453
262 0.640695
242 0.649141
325 0.659329
341 0.710345
342 0.723334
360 0.764482
359 0.765639
361 0.76665
358 0.769576
