20294 0.114612
20290 0.135605
20301 0.175962
20287 0.190539
23887 0.206846
2738 0.209937
20307 0.214224
23212 0.214477
8341 0.214983
7735 0.215753
7733 0.219531
3444 0.220157
8339 0.220698
2701 0.223102
8337 0.226326
2736 0.227514
28858 0.228237
2719 0.228495
2740 0.228569
35671 0.229422
28824 0.230389
28851 0.231396
20619 0.23222
35666 0.233817
2717 0.234042
28788 0.234062
23215 0.234863
23892 0.235357
23884 0.235743
21856 0.236682
8330 0.237716
32594 0.238355
31478 0.238464
7730 0.238704
28864 0.2392
8277 0.239499
2733 0.240255
11594 0.240454
28846 0.240609
11595 0.240872
2716 0.240902
20651 0.241168
32806 0.241269
32598 0.241732
20649 0.241758
8307 0.241848
23833 0.241916
2732 0.242528
8325 0.242538
11597 0.242809
11599 0.242964
3415 0.243066
8252 0.243165
20850 0.243299
24672 0.243639
7956 0.243815
2428 0.243882
11593 0.244063
33010 0.244252
23828 0.244834
31468 0.245101
20849 0.245132
2720 0.245249
31485 0.245253
20645 0.245332
10338 0.245388
28862 0.245445
7960 0.245541
31456 0.245612
23881 0.245627
32590 0.245682
23149 0.245962
8311 0.246086
32805 0.246967
8316 0.247067
20776 0.247084
20761 0.24792
20615 0.247944
33314 0.248209
11592 0.2484
23823 0.248615
33317 0.248634
24632 0.249197
31463 0.249365
15496 0.249394
23146 0.249452
11601 0.249486
31491 0.249643
3416 0.250172
24688 0.250326
20606 0.250547
32587 0.250952
20852 0.250992
33310 0.251334
33319 0.251488
23217 0.251529
23152 0.252227
11603 0.252588
11590 0.252692
2659 0.252979
7729 0.253674
11589 0.253803
651 0.254259
20792 0.254338
11605 0.254567
33307 0.254569
7964 0.255032
32581 0.255275
24610 0.255858
17487 0.256002
33332 0.256065
11587 0.256154
17821 0.256252
2742 0.256277
26694 0.256336
32584 0.256798
2721 0.256873
11610 0.256914
26707 0.25695
7724 0.257082
11609 0.257196
23267 0.257205
33321 0.257214
24765 0.257585
7725 0.257613
20809 0.257754
33334 0.257912
33328 0.257988
17507 0.258132
5154 0.258266
17569 0.25829
20565 0.258399
11607 0.258588
17515 0.258596
23218 0.258654
33330 0.25877
24982 0.258895
17605 0.259037
24984 0.25933
17503 0.25936
24989 0.259384
7723 0.259457
24698 0.259471
11586 0.259493
2715 0.259727
24988 0.259969
19697 0.259996
7721 0.260002
2650 0.260511
33326 0.260697
17489 0.260834
21863 0.261007
20854 0.261072
7972 0.261212
28754 0.261246
26787 0.261389
32786 0.261421
23805 0.261468
2729 0.261615
7727 0.26164
2656 0.261663
19699 0.262041
26597 0.262103
7950 0.262158
23855 0.262214
26592 0.262424
26758 0.262427
8873 0.262489
20653 0.262538
26777 0.262743
29603 0.262757
5117 0.262812
7710 0.262857
32675 0.263022
26785 0.263067
26762 0.263163
32532 0.263209
15472 0.263254
24761 0.26334
26690 0.263361
20598 0.263458
20743 0.263491
5202 0.263735
33324 0.263757
15473 0.263789
20848 0.263953
11108 0.264074
10231 0.264234
11585 0.264321
26782 0.264327
10396 0.264381
5205 0.264484
28728 0.264506
2426 0.264597
5109 0.264663
17613 0.264708
24756 0.26477
26603 0.264812
19695 0.264828
33305 0.264919
23264 0.265005
26749 0.26507
20702 0.265095
26745 0.265139
24602 0.265176
17501 0.265247
29645 0.265301
5197 0.265366
23156 0.265419
17819 0.265598
24800 0.26562
5097 0.265641
24769 0.265692
11611 0.265734
7846 0.265735
25075 0.265801
35599 0.265823
32577 0.265833
26492 0.265938
3764 0.266179
32531 0.266241
10403 0.26629
35517 0.266437
2653 0.26647
2722 0.266666
19702 0.266672
32845 0.266681
26497 0.266803
5164 0.266849
15493 0.266889
20732 0.266924
25083 0.266944
20310 0.266952
26710 0.267033
5170 0.267103
33262 0.267126
2646 0.267159
11237 0.267173
26789 0.267263
5159 0.267309
24978 0.267406
24773 0.267414
11238 0.267442
33336 0.267474
26488 0.267494
11612 0.267633
26613 0.267691
28631 0.267694
28611 0.267873
19705 0.267886
24840 0.267896
26494 0.267949
23862 0.267962
32685 0.268077
28622 0.2681
20720 0.268102
26769 0.268154
19692 0.268262
7841 0.268271
25013 0.268352
26499 0.268371
2667 0.268445
2597 0.268455
7728 0.268474
11239 0.268526
33264 0.268535
24890 0.268614
5196 0.268697
19459 0.268781
26501 0.268801
24969 0.268995
15470 0.269132
28747 0.269191
26587 0.269296
24778 0.269331
28715 0.269506
24748 0.269649
35654 0.269716
5194 0.269806
33348 0.269857
29615 0.269867
20815 0.269893
24776 0.269895
25080 0.269959
23243 0.270017
26512 0.270094
24877 0.27023
34545 0.270288
32533 0.270303
34547 0.270342
33266 0.270632
24806 0.270732
26425 0.270813
15474 0.270831
26507 0.270869
26427 0.270885
25053 0.270928
25073 0.270948
5192 0.270954
24790 0.271002
26429 0.27108
35521 0.271094
26559 0.271154
26486 0.27118
19464 0.271269
24751 0.271292
19690 0.271329
33268 0.271357
11235 0.271435
11613 0.271569
26484 0.271573
24973 0.271679
29636 0.271679
3849 0.271695
33303 0.271798
28641 0.271799
5177 0.271805
17616 0.271871
33339 0.272006
15396 0.27213
28719 0.272151
7694 0.272166
23866 0.27221
26712 0.272336
24753 0.27234
2728 0.272399
3856 0.272401
28717 0.272403
25071 0.272414
3756 0.272454
28590 0.272455
24813 0.272471
28604 0.272474
28708 0.272498
24975 0.272564
19708 0.272662
28597 0.272831
650 0.272838
26584 0.272965
34543 0.272968
20698 0.273024
14914 0.27311
8847 0.273142
24781 0.273174
24863 0.273223
7849 0.273274
2662 0.27328
3778 0.273291
3402 0.273294
20284 0.273301
34541 0.273366
24926 0.273376
26734 0.273533
20706 0.27364
19469 0.273654
34540 0.27373
24897 0.273864
26431 0.273974
18471 0.274094
26463 0.274118
15475 0.274175
17618 0.27428
32529 0.274285
15476 0.274315
19687 0.274326
9900 0.274526
28660 0.274615
19684 0.274618
26436 0.274624
32771 0.274627
24780 0.27484
19481 0.274993
24918 0.275034
26573 0.275122
29503 0.275166
26474 0.275176
26454 0.275212
34539 0.275221
26482 0.275257
26433 0.275378
456 0.275395
28726 0.275421
11222 0.275437
8857 0.275446
24809 0.275464
29499 0.275555
3813 0.275658
9907 0.275705
29500 0.275721
8859 0.275824
33350 0.275914
33301 0.275934
19719 0.275941
28729 0.275942
7974 0.275944
33342 0.275999
29502 0.276001
19713 0.276003
35526 0.276004
23158 0.276053
17627 0.276056
17621 0.276066
18469 0.276084
29622 0.276089
9901 0.276089
20821 0.276093
29501 0.276147
24933 0.276202
19673 0.276278
19717 0.276346
32839 0.276385
19721 0.276552
2723 0.276634
28725 0.276646
32930 0.276685
9861 0.276685
34538 0.276687
11240 0.276733
19679 0.276746
24949 0.276797
24900 0.276801
17629 0.276828
28583 0.27686
24826 0.276876
29627 0.276939
34536 0.276955
28720 0.27697
28578 0.276978
33273 0.277073
3847 0.277145
19676 0.277268
9859 0.277299
9825 0.277325
29497 0.277344
26447 0.277379
17625 0.277387
17817 0.277437
10411 0.277457
17633 0.277579
34534 0.277604
28727 0.277642
26441 0.277706
15468 0.277713
14912 0.277714
24906 0.277718
9838 0.277841
26577 0.278038
32692 0.278102
24784 0.278104
28672 0.278121
9910 0.278179
26714 0.278243
32687 0.278311
29491 0.278351
28695 0.278421
35589 0.27843
24945 0.278455
34532 0.278479
3851 0.278493
29649 0.278531
20847 0.2787
17881 0.278798
25056 0.278799
17623 0.278831
34530 0.278865
7679 0.27896
26579 0.279045
3831 0.279055
9898 0.279061
3854 0.279106
2669 0.279161
2665 0.279323
9848 0.279331
29489 0.279379
14910 0.279379
9862 0.279426
9843 0.279509
32569 0.279512
7685 0.279558
26581 0.279655
24941 0.279708
28666 0.279781
26726 0.279813
32911 0.27985
35529 0.27988
34525 0.279971
11218 0.280016
32815 0.280046
24968 0.280096
20659 0.280122
20663 0.280147
2671 0.280163
17811 0.280226
7682 0.280226
10391 0.2803
24954 0.280317
9902 0.2805
24591 0.280529
19454 0.280589
7983 0.280617
3787 0.280695
2727 0.280701
33274 0.280739
15246 0.28107
17812 0.281089
23138 0.281103
24782 0.281142
9905 0.281188
33346 0.281244
18473 0.281257
2673 0.281258
28721 0.28131
4409 0.28135
32523 0.281359
2714 0.281477
7946 0.281541
29487 0.281689
29488 0.281775
29486 0.281884
20695 0.281943
35531 0.282021
26721 0.282022
28678 0.282027
19670 0.282069
10443 0.282141
20669 0.282157
3841 0.282163
15482 0.282256
2744 0.282284
457 0.282357
9904 0.282453
28573 0.282463
3752 0.282725
23870 0.282906
9897 0.282908
15477 0.283047
3872 0.283154
11614 0.283199
9863 0.283223
3754 0.283265
2408 0.283266
33275 0.283267
26717 0.283348
29686 0.283425
17809 0.283496
33299 0.283511
34485 0.283616
23162 0.283676
20708 0.28368
3857 0.283763
20594 0.283835
2726 0.283899
15386 0.284001
10444 0.284037
29667 0.284046
10442 0.284148
24821 0.284405
3797 0.28443
2713 0.284499
19549 0.284612
20656 0.284874
9896 0.284883
4425 0.284902
19667 0.284927
35515 0.284931
20710 0.284963
10015 0.285118
9903 0.285172
33297 0.285267
33277 0.285329
10008 0.285426
20871 0.285508
458 0.285516
17816 0.285561
19452 0.285576
29679 0.285599
17866 0.285695
15478 0.285709
6392 0.285741
20870 0.28579
20845 0.285796
9864 0.28584
7976 0.285884
4441 0.286012
20676 0.286047
15489 0.286068
15467 0.286092
6390 0.286111
20673 0.286299
744 0.286493
28722 0.28651
28955 0.286526
6388 0.286587
19664 0.2866
15480 0.28674
20836 0.286752
34517 0.286753
4458 0.286819
4511 0.286917
2674 0.28701
17855 0.287217
17646 0.287221
2423 0.28731
15263 0.287324
15479 0.287486
459 0.287587
3817 0.287654
17840 0.287684
9886 0.287686
3869 0.287898
9887 0.287906
17815 0.287994
28568 0.288065
793 0.288153
794 0.288158
11634 0.288177
23229 0.288263
9882 0.288279
6903 0.288293
5306 0.288456
33295 0.288554
24576 0.28858
32793 0.288604
20840 0.288637
34511 0.288648
7979 0.288658
2724 0.288759
32457 0.288938
33279 0.288982
29662 0.288993
10193 0.288996
7855 0.289095
9884 0.289113
649 0.289121
9874 0.289148
20691 0.289204
10191 0.289341
15167 0.289374
796 0.289423
4388 0.289429
11203 0.289504
35513 0.289553
9889 0.289576
11636 0.289625
7982 0.289731
14908 0.28975
5308 0.289927
792 0.290179
20681 0.290245
795 0.290267
10446 0.290467
15418 0.290549
9895 0.290625
8845 0.29064
23160 0.29066
10011 0.290724
3749 0.290743
9878 0.290771
9880 0.290855
3821 0.291009
733 0.291067
4467 0.291106
11615 0.29115
14900 0.29128
15423 0.291344
10189 0.291383
35511 0.291479
33293 0.29151
15266 0.29164
10441 0.291668
15458 0.291674
15485 0.291798
648 0.29182
25062 0.291872
9891 0.292051
797 0.292057
19444 0.292097
9866 0.292208
791 0.292373
9894 0.292457
15452 0.292557
15427 0.292597
790 0.292624
33284 0.292963
10427 0.293107
10452 0.293187
33281 0.293266
14905 0.293284
20832 0.29341
20869 0.29345
2413 0.293461
15354 0.293668
15359 0.293679
2417 0.293743
33291 0.293897
20685 0.293906
28723 0.293998
15414 0.294013
33287 0.294119
9868 0.294172
10102 0.29448
33289 0.294537
3863 0.2946
6905 0.294608
20827 0.294697
2680 0.294807
8819 0.294842
11629 0.294898
9917 0.295147
15229 0.295171
455 0.29522
28957 0.295223
798 0.295239
2677 0.295348
11631 0.295364
29654 0.295497
8884 0.295531
35748 0.295828
17652 0.29594
11626 0.296021
8821 0.296074
20889 0.296091
15233 0.296177
11627 0.296372
9870 0.296584
10448 0.296648
35750 0.296652
11616 0.296849
8842 0.29694
9872 0.297026
9434 0.297034
11625 0.297423
15434 0.297478
9437 0.297517
7867 0.297648
15441 0.297776
9962 0.298268
11617 0.298306
11624 0.298497
15303 0.298525
20885 0.29878
9428 0.298837
11622 0.299079
28564 0.299101
11623 0.299115
20883 0.299226
14903 0.29925
32556 0.299256
8920 0.299351
20888 0.299803
11114 0.299845
460 0.300207
20894 0.30063
11621 0.300809
3710 0.301013
7882 0.301275
8823 0.301282
11618 0.301433
2746 0.301434
6909 0.301457
3859 0.301457
11620 0.301657
11188 0.301793
32488 0.302125
3746 0.302429
8838 0.302735
11175 0.303104
11170 0.303218
6907 0.303524
7943 0.303714
7874 0.303894
6896 0.303966
2683 0.304135
11180 0.304168
15231 0.304187
26906 0.304406
18620 0.304588
3702 0.304686
28560 0.304835
647 0.305207
8833 0.305641
8975 0.306115
8904 0.306119
15224 0.306599
10436 0.307396
35510 0.307493
28960 0.30764
20875 0.308081
8814 0.308567
10440 0.308581
454 0.308822
3740 0.308977
3714 0.309018
32502 0.309169
20204 0.3096
20860 0.310177
11166 0.310459
8828 0.310518
11117 0.310779
8813 0.310796
20199 0.310993
7670 0.310994
7837 0.311018
10438 0.311469
10437 0.311814
8805 0.311834
28557 0.312229
20877 0.313102
8781 0.31315
6895 0.315034
20271 0.315191
35508 0.31588
8815 0.316076
6377 0.316253
26905 0.316474
35509 0.31657
2755 0.316771
28554 0.316853
11162 0.317261
20207 0.31888
3696 0.3195
20880 0.319686
7662 0.320213
8807 0.320334
8812 0.320746
8811 0.320824
8808 0.320957
20185 0.321328
11157 0.321563
8788 0.322029
8777 0.322406
28551 0.322886
8809 0.323349
7941 0.323465
7665 0.324352
3688 0.326577
3691 0.326954
627 0.32702
28547 0.327469
11124 0.327519
26904 0.327692
3721 0.328071
6894 0.328152
626 0.329408
6373 0.329883
8798 0.330085
3734 0.330163
8793 0.330268
625 0.330873
11151 0.33091
27893 0.331391
28545 0.331552
8784 0.331652
26901 0.33186
646 0.333744
6375 0.334724
628 0.335965
7939 0.336083
20079 0.336734
3681 0.338459
7832 0.338482
28543 0.338769
462 0.339634
7305 0.340063
27896 0.340383
3676 0.341609
632 0.341727
624 0.341955
11145 0.342431
28531 0.342913
7931 0.343911
3678 0.343939
28532 0.344023
631 0.344431
28541 0.344704
20313 0.344891
34916 0.345499
11132 0.345751
28520 0.346034
20182 0.346244
28533 0.346425
7933 0.346787
7937 0.347283
28530 0.347359
28529 0.347698
7660 0.34782
28540 0.348488
630 0.348607
629 0.34904
633 0.349439
28521 0.350096
7830 0.350148
28519 0.3503
28534 0.350401
28535 0.350584
7935 0.35069
20211 0.350928
6893 0.350936
28539 0.351788
11135 0.352031
20523 0.352061
7309 0.352276
28537 0.352641
28536 0.352647
28538 0.35278
20357 0.353071
20501 0.353279
34602 0.353295
11143 0.353823
20265 0.354688
34593 0.355338
34915 0.355415
28528 0.356316
20364 0.35633
8767 0.356493
6371 0.356759
11141 0.357145
11137 0.357763
11139 0.358477
20217 0.358721
28522 0.359024
470 0.359185
34917 0.359545
28517 0.360033
8759 0.360173
20507 0.360441
28527 0.360548
20380 0.361107
7828 0.361271
20394 0.362689
645 0.363394
7826 0.364428
8761 0.365118
28515 0.365694
28526 0.36718
24343 0.368434
7824 0.368466
660 0.369512
634 0.370473
28513 0.370605
28523 0.371864
28525 0.37329
473 0.375018
3674 0.375922
28504 0.376446
20180 0.376908
28524 0.376968
20225 0.37697
34654 0.377908
28510 0.379062
28507 0.37918
34700 0.379899
644 0.379985
20352 0.38075
20172 0.384005
621 0.386016
635 0.386084
20404 0.387378
643 0.388815
34918 0.390606
34697 0.390714
637 0.391068
20178 0.391163
34691 0.392259
3668 0.392384
20167 0.392549
20170 0.394117
20174 0.394498
34680 0.394614
20176 0.394627
642 0.396824
638 0.398061
639 0.399426
34684 0.400426
640 0.403781
34682 0.404533
620 0.408244
641 0.409276
20340 0.414718
20424 0.415926
35334 0.421916
35323 0.42357
15613 0.427096
170 0.430678
35339 0.430814
35330 0.431347
35325 0.431517
618 0.432036
35341 0.434032
35337 0.435072
20318 0.436437
15633 0.441904
15627 0.443043
15612 0.445689
35343 0.446231
617 0.448358
15625 0.45142
15618 0.451768
15635 0.452192
15611 0.454667
20330 0.454685
201 0.456161
15609 0.45736
616 0.458365
15654 0.459218
15623 0.459332
15610 0.459585
15662 0.460246
15652 0.460829
15658 0.461466
615 0.463103
15649 0.464287
15647 0.465465
15637 0.466108
20324 0.466894
15656 0.466979
15645 0.470547
15619 0.470659
35346 0.471267
15622 0.471744
15639 0.47381
15641 0.474939
15643 0.474941
15621 0.480215
15620 0.487174
315 0.549654
319 0.558442
325 0.578676
339 0.595037
344 0.6382
345 0.641653
346 0.647331
347 0.659249
348 0.663315
