8023 0.00804014
28856 0.00836429
28724 0.00863129
28660 0.00878049
6641 0.00886087
8021 0.00893988
2064 0.00905638
10767 0.0090952
21743 0.00912893
12337 0.00916781
29532 0.00934254
26834 0.00937595
28641 0.00960842
28631 0.00962274
8012 0.00965248
1853 0.00967698
15354 0.00974827
17618 0.00978731
1335 0.00980577
1327 0.00988643
1851 0.0100263
29533 0.0100722
10770 0.0101478
1328 0.0101532
17621 0.0102359
35838 0.0102484
29525 0.0103619
8013 0.0103655
29523 0.0103855
34436 0.0104364
29478 0.0104385
28622 0.0104403
15303 0.010448
5466 0.0104588
25709 0.0104853
29516 0.01062
34275 0.0106501
8020 0.010662
28851 0.0107417
28611 0.0107999
20651 0.0108111
8316 0.0108343
29522 0.0108665
28695 0.010915
1849 0.0109317
10777 0.0109742
33956 0.0109888
28858 0.0110538
33960 0.0110767
6639 0.011089
8014 0.0110923
34286 0.0111238
34435 0.0111337
28725 0.0111375
29518 0.0111727
19749 0.011223
26837 0.0112361
17670 0.011277
15551 0.0113722
29521 0.0115194
28672 0.0115427
26579 0.0115545
6502 0.0116088
29520 0.011624
6636 0.0116447
26820 0.0117751
19737 0.0117836
26791 0.0117965
1847 0.0117985
8015 0.0118029
26835 0.011839
8307 0.0119166
34536 0.0119231
8343 0.0119652
8325 0.0119683
10786 0.01202
8967 0.012031
20649 0.0120344
1845 0.0120377
26833 0.0120569
34282 0.0120576
8311 0.0120587
19747 0.0120798
8017 0.0120844
28731 0.012108
457 0.0121118
28604 0.0121246
20565 0.0121455
22621 0.0121677
4097 0.0121688
8018 0.0121717
10766 0.0121769
25705 0.0122015
28678 0.0122126
26581 0.012227
22878 0.0122449
26840 0.012252
5612 0.0122629
28666 0.012264
15493 0.0122919
15556 0.0123073
10761 0.0123298
26497 0.0123379
5471 0.0123624
29475 0.0123735
5618 0.0124457
33965 0.0124965
34018 0.0125444
17672 0.0125593
19878 0.0125831
8016 0.0126237
19744 0.0126324
468 0.0126329
10783 0.0126341
26539 0.0126459
7744 0.0127197
8961 0.0127399
464 0.012792
5606 0.0128087
17671 0.0128327
28788 0.0128446
26694 0.0129028
15553 0.0129056
15555 0.0129457
28860 0.0130098
26817 0.0130145
26559 0.0130328
34783 0.0131029
28734 0.0131426
28862 0.0131766
26584 0.0131964
26986 0.0132214
34779 0.0132347
26806 0.0132509
33971 0.013266
5200 0.0132849
26507 0.0133368
19741 0.0133532
10759 0.0133591
21132 0.0133797
17669 0.0133856
22869 0.0133924
28727 0.0133929
7768 0.0134019
26577 0.0134056
28726 0.0134328
7770 0.0134449
34278 0.0135088
26805 0.0135647
26639 0.0135775
35840 0.013654
20653 0.013687
26782 0.0136921
5518 0.0137026
26808 0.0137177
20645 0.0137829
7789 0.0138183
26573 0.013831
7729 0.0138467
7737 0.0138769
657 0.0138797
26642 0.013897
7790 0.0139163
26810 0.0139369
21128 0.0139465
26842 0.0139556
17673 0.0139603
8024 0.0140483
7791 0.0140628
456 0.0140883
7765 0.0141209
5192 0.0141393
26494 0.0141454
5194 0.0141804
9018 0.0141862
7762 0.0142103
7792 0.0142131
507 0.0142948
17527 0.0143057
8833 0.0143577
5586 0.0143692
26777 0.014402
26499 0.0144114
35841 0.0144465
24988 0.0144622
24989 0.0144802
33936 0.0145203
19723 0.0145325
28747 0.0145372
8345 0.0145403
7781 0.0145553
22617 0.0145563
19684 0.0145782
20656 0.0145805
462 0.014594
5381 0.0145973
480 0.0146723
26488 0.0147283
26789 0.0147542
19702 0.0147562
15496 0.0147572
26520 0.0147585
7740 0.0148212
7773 0.0148628
20681 0.0148744
26482 0.0148805
8954 0.014904
26514 0.0149125
7748 0.0149538
28754 0.0149942
487 0.0149986
19721 0.0150106
7793 0.0150126
26526 0.0150384
28597 0.0150685
17569 0.0150866
26824 0.0151678
26814 0.0151991
6470 0.0152279
485 0.0152395
7754 0.0152675
7786 0.0152807
26524 0.0153001
17668 0.0153082
6934 0.0153083
19725 0.0153496
26484 0.0153696
26785 0.0154172
26501 0.0154785
6480 0.0155308
516 0.0155408
26517 0.015541
26486 0.0155553
5197 0.0155727
34767 0.0155883
26830 0.0156233
10343 0.0156286
13399 0.015663
19690 0.0156834
34786 0.0156954
7788 0.0157252
10348 0.015797
26690 0.0158593
21135 0.0158697
7775 0.0158961
8277 0.0159106
26669 0.0159477
5196 0.0159489
5377 0.0160125
7778 0.0160133
7886 0.0160327
3909 0.0160636
459 0.0160703
26411 0.016072
490 0.0160826
33390 0.0161384
10350 0.0161615
3917 0.0161636
35836 0.0162702
7728 0.0162985
24984 0.0163124
20659 0.0163438
502 0.0163603
10196 0.0163733
26787 0.0164027
26408 0.0164083
3912 0.0164733
7882 0.0165378
460 0.0165512
551 0.016578
458 0.0165968
7735 0.0166215
6620 0.0166559
19673 0.0166569
34288 0.0166999
26504 0.0168044
28590 0.0168134
6617 0.0168542
23375 0.0168675
26826 0.016895
6379 0.0169094
17666 0.0169168
2744 0.016962
33918 0.0170105
26425 0.017018
26492 0.0170705
7730 0.0170902
6388 0.0171007
33947 0.0171258
496 0.0171395
1629 0.0171793
26512 0.0172015
17675 0.0172283
7794 0.0173375
17665 0.0173491
27697 0.0173787
5364 0.0174948
34267 0.0175157
26829 0.0175441
20840 0.0176105
492 0.0176259
5360 0.0176266
8985 0.0176943
15526 0.0177134
6384 0.0177188
20832 0.0177395
4096 0.0177569
22614 0.0178174
5368 0.0178754
33330 0.0178815
6474 0.0179599
20836 0.0179672
10193 0.0179789
13295 0.0179809
10357 0.0179873
10198 0.018038
1623 0.018178
1964 0.0181861
5362 0.0182083
7733 0.0182231
26335 0.0182421
33332 0.0182877
6477 0.0182953
17664 0.0183468
19705 0.0183538
10360 0.0183828
2742 0.0184027
7877 0.0184665
17515 0.018569
7305 0.0186407
25013 0.0186528
35802 0.018679
26677 0.0187026
3754 0.018716
7874 0.0187425
24890 0.0188235
1632 0.018841
33334 0.0188553
33328 0.0188656
8944 0.018922
26828 0.0189237
15489 0.0189782
1641 0.0190933
26331 0.019173
8949 0.0191788
13293 0.0191896
11716 0.0192585
11605 0.0192597
25062 0.0193256
3904 0.0194188
455 0.0194457
1968 0.0194479
6590 0.01956
10340 0.0196515
26981 0.0196881
10187 0.0197483
23279 0.019802
29279 0.0198063
16753 0.0198249
9082 0.0198572
26827 0.0200216
33393 0.0200539
26398 0.0200604
26333 0.0201186
17920 0.0201395
19708 0.0201848
20910 0.0202616
24906 0.020262
10448 0.0202622
26337 0.0202656
10366 0.0204101
21089 0.020443
7734 0.0204683
20983 0.0205889
10191 0.0205954
21113 0.0206359
7796 0.0206947
1635 0.0207068
19459 0.0207335
15523 0.0207651
24877 0.0208942
26674 0.0209362
4092 0.0209375
10338 0.0210209
20927 0.0210399
6472 0.0211658
15531 0.021207
2740 0.0212396
1967 0.0213334
19464 0.0213427
7727 0.0213581
17677 0.0213594
33705 0.0214136
27927 0.0214441
33336 0.0215169
13395 0.021522
1587 0.0215594
13391 0.0215931
33656 0.021629
656 0.0216509
10189 0.0216755
32552 0.0217269
3749 0.0218218
2417 0.0218505
33400 0.0218703
24897 0.0218796
24900 0.0218934
9019 0.0219118
15508 0.0219202
454 0.0219437
32685 0.0220072
6621 0.0220132
3752 0.0220683
24863 0.022166
26329 0.022188
32687 0.0222243
13300 0.0222396
22598 0.0222466
1966 0.0222533
10201 0.0223344
7725 0.0224517
20975 0.0224688
3901 0.0224773
6625 0.0225133
7798 0.0225229
33634 0.0225233
33403 0.022524
1969 0.0225398
23277 0.0225783
1965 0.0226525
13297 0.0226786
3746 0.0226805
27703 0.0226864
23625 0.0229438
22604 0.022963
33707 0.0229944
655 0.023055
33326 0.0231046
32699 0.0231338
33404 0.0232212
10367 0.0232957
8371 0.0233006
32675 0.0233739
3740 0.0234458
8920 0.0234488
17917 0.0234573
29285 0.0234858
17881 0.0235661
1588 0.0235947
10334 0.0237693
15519 0.0238606
31577 0.0239025
26339 0.0239258
32558 0.0240027
32560 0.0240226
17507 0.0242022
29051 0.0242351
8252 0.0242598
15503 0.0242672
27660 0.0243258
21096 0.0243894
32704 0.0243938
33339 0.0244258
9022 0.0245002
35800 0.0245023
7799 0.0245228
15535 0.0246014
17680 0.0248429
658 0.0248691
1586 0.024892
17866 0.024971
10440 0.0250107
33397 0.025209
2715 0.025249
10442 0.0253134
33702 0.0253261
6580 0.0254609
10369 0.0254774
654 0.0254999
22606 0.0255437
29053 0.0256121
8932 0.0256937
27669 0.0257819
24765 0.0258383
33630 0.0258898
17855 0.0259243
15516 0.0259489
8025 0.0259729
32613 0.0259733
8373 0.0259803
20989 0.0261074
20991 0.0261227
27321 0.0261814
33697 0.0262049
1970 0.0262074
27651 0.0262226
2738 0.0263077
32720 0.0263212
3898 0.0263458
7724 0.026453
21106 0.0264716
10441 0.026515
35791 0.0265234
13403 0.0266519
35788 0.0267637
31456 0.0267905
33301 0.0268378
24761 0.0268593
33419 0.0270044
35794 0.0270163
29049 0.0270374
32559 0.0270876
35783 0.0271268
20970 0.0271635
20963 0.0272503
33303 0.0272906
2413 0.0273533
24688 0.0274188
27510 0.0274393
27501 0.0274915
23276 0.0275728
27957 0.0278373
1584 0.0279194
32905 0.0280272
33644 0.0281276
35901 0.0281659
9024 0.0281978
27315 0.0282025
27952 0.0283284
33405 0.0283291
3302 0.0283561
3892 0.0285414
32839 0.0286034
24756 0.0286712
3756 0.0287239
32556 0.028755
10205 0.0287891
1585 0.0289873
3299 0.0290512
24840 0.0291811
6935 0.029456
1589 0.0295451
7723 0.0297966
23275 0.0298311
24753 0.0298396
35899 0.0298639
653 0.0299142
23162 0.0299431
27968 0.0300909
24781 0.0302362
20940 0.0302624
32930 0.0304819
6933 0.0306422
29047 0.03099
6503 0.0310638
32901 0.0312857
32882 0.0313012
20843 0.0313649
15485 0.0314018
35662 0.0314209
32845 0.0315946
17912 0.0315959
18095 0.0316658
10513 0.0316764
3879 0.0317136
17684 0.0317456
27324 0.0317512
34292 0.031832
6583 0.0320489
10438 0.0320565
32899 0.0322507
27496 0.0323117
33636 0.0325372
28583 0.0325535
3764 0.0325829
32890 0.0328011
10564 0.0328234
32581 0.0328986
35896 0.0329798
29667 0.0330093
18717 0.0331439
6575 0.0331826
24780 0.0333468
23866 0.0337944
32536 0.0340128
32722 0.0340538
33407 0.0340753
10565 0.0341278
23875 0.0341386
8375 0.0341499
19875 0.0342313
16257 0.0342708
27329 0.0343109
20685 0.0344046
32875 0.0346125
2408 0.0347045
27470 0.0347172
23862 0.0347289
24769 0.0348264
33640 0.0348582
2717 0.0350748
2720 0.035075
1590 0.0351903
32885 0.0353436
31440 0.0353883
21356 0.0354909
23881 0.0355528
32879 0.0356955
27711 0.0358528
17909 0.03593
23159 0.0359316
10570 0.0359949
10566 0.0360054
18719 0.0360164
27492 0.0361151
23870 0.0361879
23160 0.0362258
33299 0.0365621
33638 0.0366921
1971 0.036698
32855 0.0369854
4103 0.0370887
28985 0.0372756
24782 0.0372944
24049 0.0373397
8026 0.0374325
29401 0.0374431
32577 0.0374526
30818 0.0377555
32584 0.0378838
32606 0.0383112
17889 0.038333
18721 0.038352
2492 0.0386203
34290 0.0388018
2719 0.0390655
652 0.0391245
32610 0.0395418
32754 0.0395841
3874 0.0396248
6936 0.0396253
3282 0.039682
23381 0.0401537
32911 0.0403409
17794 0.0404249
34791 0.0404399
24773 0.0404532
13388 0.0405317
2716 0.0406705
24826 0.0408496
19873 0.0409977
23158 0.0410195
35531 0.0410702
17906 0.0411743
27947 0.0412327
27716 0.0413235
3037 0.0413511
8857 0.0414467
19871 0.0414656
17832 0.0415218
2646 0.0416479
24776 0.0416582
8904 0.0417988
32849 0.0420195
32587 0.0420576
30822 0.0420802
3286 0.0422697
17900 0.0426494
2488 0.0428634
24034 0.0430754
23981 0.0431581
8377 0.0433188
18098 0.0434186
33297 0.0435229
3292 0.0436078
6504 0.0438127
3872 0.0438408
18724 0.0439008
27718 0.0439409
35517 0.0443203
35526 0.0443527
21358 0.0444842
3778 0.0449709
2653 0.0451442
17903 0.0451686
4458 0.0454745
23378 0.0455033
3279 0.0455421
2671 0.0458284
8382 0.0459388
3031 0.0460532
8381 0.0460816
2650 0.0461631
8379 0.046218
19869 0.0462867
15482 0.0463186
27949 0.0463614
8847 0.0464444
31080 0.0467965
20847 0.0468493
17423 0.0468741
7166 0.0469481
2656 0.0470062
24813 0.0471232
16260 0.0471739
17897 0.0471771
24030 0.0472664
3270 0.047644
2496 0.0477584
22819 0.0481126
20849 0.04814
20845 0.0484205
10788 0.0484272
2084 0.0485171
3275 0.0485195
23884 0.048635
20848 0.0491072
27720 0.0491957
3787 0.0493012
17425 0.0496245
2482 0.0497739
34296 0.0498245
2673 0.0498261
4441 0.0499062
2674 0.0499098
2669 0.0499119
8884 0.0499402
19880 0.0499585
32602 0.0500346
651 0.050144
24821 0.0503786
30815 0.0507765
8383 0.0509083
8859 0.0509439
32590 0.0512296
23984 0.05124
2083 0.0513815
2680 0.0516243
2082 0.0516603
18100 0.051704
3273 0.051829
2085 0.0519102
1972 0.0522246
2677 0.0522448
7855 0.0523135
16261 0.0523256
2736 0.0525721
17421 0.0526258
23997 0.0526926
28578 0.0527105
3821 0.0528883
8873 0.0529588
2081 0.0529863
2445 0.0533474
4425 0.0537093
4109 0.053899
3813 0.0539542
22055 0.053999
15480 0.0540211
6467 0.0543159
23987 0.0544485
35658 0.0547336
3797 0.0547742
24784 0.0549279
8385 0.0557327
7985 0.0558697
19866 0.0559636
15476 0.0560998
32594 0.0561611
3817 0.0564297
2086 0.0565905
32600 0.0566354
11114 0.0567033
2467 0.0568442
6377 0.0569345
30812 0.0573828
4161 0.0574449
8711 0.0576673
650 0.0578248
2460 0.0579001
28982 0.0581442
2453 0.0582946
23889 0.058405
31463 0.0584566
23887 0.0584941
35654 0.0588538
659 0.0589682
6937 0.0593002
22058 0.0593862
15479 0.0593955
2752 0.0597449
34754 0.0597941
6931 0.0600158
20899 0.0600322
2721 0.0607602
2722 0.0608569
29679 0.0609326
22060 0.0611693
4158 0.0612982
2690 0.0613715
6762 0.0620595
2755 0.0620732
32598 0.0622738
8394 0.062437
21360 0.0627992
19421 0.062983
22064 0.0631575
22062 0.0632371
31531 0.0636052
8387 0.0636421
6390 0.0637169
2685 0.0645453
2686 0.064663
2689 0.0646978
1509 0.0647299
8400 0.0648784
31491 0.0649664
32622 0.0650568
7167 0.065482
19422 0.0657618
17405 0.0657699
33002 0.0659392
8390 0.0659641
34795 0.0660213
649 0.0660564
2688 0.0660764
18108 0.0660849
17795 0.0664679
4163 0.0665905
19423 0.0667144
31485 0.0668519
20870 0.0668603
17829 0.0670994
23891 0.0677969
17418 0.0678614
31478 0.0686488
20867 0.0687374
4116 0.0688784
18125 0.0690412
7988 0.0691907
20869 0.0693078
31502 0.0693587
7113 0.0693769
19424 0.0695277
2501 0.0701986
27045 0.0703995
6401 0.070418
31600 0.0704315
2758 0.0704998
30810 0.0713147
6405 0.071747
4165 0.0718165
11117 0.0722971
17404 0.0724909
20271 0.0725939
4129 0.0726554
31468 0.072863
6778 0.073008
31615 0.0737917
29686 0.0741821
28960 0.0742506
34680 0.0750097
6394 0.0750681
13218 0.0751376
6398 0.0752314
6396 0.0755086
7117 0.0757614
34744 0.0758074
28573 0.0762173
32631 0.0764258
31495 0.0765789
2761 0.0766663
2683 0.0769648
23892 0.0772937
23923 0.0774891
23907 0.0775926
19425 0.0776045
4131 0.0776305
7115 0.0777252
18602 0.0778814
8407 0.0782073
8113 0.0792877
23901 0.0795543
29395 0.0795725
4155 0.0799585
6938 0.0802883
30806 0.0804147
23916 0.0805936
6392 0.0808388
2733 0.0809473
6930 0.0809552
648 0.0812434
2853 0.0813565
4169 0.082193
17827 0.0821965
4167 0.0822716
12931 0.0826385
14959 0.0829177
4120 0.0830939
7109 0.0832689
29693 0.0833779
28962 0.0838305
29696 0.083998
28568 0.0841805
19861 0.0846502
4172 0.0847928
22799 0.0848253
8411 0.0850111
11124 0.0851664
29690 0.0855218
22087 0.0865069
17797 0.0871224
22071 0.0874551
6785 0.0876824
4135 0.0879885
2823 0.0885571
1507 0.0886202
2608 0.0896571
2504 0.0900404
8414 0.0903178
31622 0.0906988
28957 0.0907979
17825 0.0908166
29392 0.0911836
22075 0.0913931
34802 0.0915702
2732 0.0921134
23893 0.0926819
2821 0.0937634
4150 0.0939378
32636 0.094223
29388 0.0948263
2723 0.0952983
22073 0.0953298
31650 0.0954749
26303 0.0955511
687 0.0967573
30775 0.0973127
19858 0.0974149
2611 0.0974249
6939 0.0977144
11499 0.0980339
31649 0.0990127
30797 0.0994734
19882 0.0996298
29699 0.100007
2819 0.101908
6929 0.10195
7168 0.102349
22807 0.10298
647 0.103156
4143 0.103302
7383 0.10375
22077 0.104048
28964 0.104542
28976 0.104894
22808 0.105603
32639 0.105652
2764 0.105983
22081 0.106179
7849 0.106435
33821 0.107192
22809 0.107297
30366 0.107478
22079 0.108758
7931 0.109013
22084 0.109113
2799 0.10945
30793 0.110026
22806 0.110314
2795 0.110414
2726 0.111561
7991 0.112071
17798 0.112391
8811 0.112759
29705 0.112914
12891 0.11412
2817 0.115369
23895 0.115439
6942 0.115878
2792 0.116324
20894 0.116366
26311 0.117613
6791 0.118002
22805 0.118292
18635 0.118566
2787 0.119004
11129 0.11906
27049 0.120227
30782 0.120569
28955 0.121038
28975 0.121049
24367 0.121414
28966 0.121423
28970 0.121493
2768 0.122815
2804 0.12352
7365 0.123725
24369 0.123737
12917 0.123765
6913 0.124124
2724 0.124278
7933 0.124345
2507 0.124673
2813 0.12478
34735 0.125334
7170 0.125498
2810 0.130391
26915 0.131639
2807 0.13182
26916 0.132298
34682 0.133117
28968 0.134496
28974 0.135104
26917 0.135133
28551 0.135161
11505 0.136014
26918 0.138232
27056 0.140608
24371 0.140644
660 0.141221
28971 0.141386
12904 0.141858
26919 0.142857
7943 0.144119
26921 0.14469
7935 0.145077
28972 0.146197
26920 0.146934
11132 0.148527
20889 0.149482
30283 0.149891
6914 0.150185
7363 0.150267
7993 0.150728
6375 0.152473
26922 0.155973
30621 0.157842
6796 0.159747
28973 0.160144
688 0.16025
7941 0.162789
28538 0.163772
7846 0.165674
2510 0.166066
11777 0.166344
7937 0.16666
646 0.166706
7939 0.169728
26923 0.171264
7362 0.172666
28539 0.174144
11510 0.174302
6915 0.177672
7995 0.177777
11135 0.178184
3494 0.178821
685 0.17943
26924 0.180031
8759 0.180222
20330 0.180247
20501 0.183461
28540 0.184246
22411 0.184375
26242 0.184722
34684 0.186234
20318 0.187077
16879 0.187386
20507 0.191336
8777 0.192048
8781 0.193207
8773 0.194402
20324 0.19839
7186 0.199355
7386 0.199476
15694 0.200361
20340 0.20271
7996 0.202711
20494 0.202949
7207 0.203455
2144 0.203659
11512 0.204379
22419 0.204966
6916 0.205427
15695 0.206364
7393 0.207015
15693 0.207505
27065 0.208549
7184 0.209219
662 0.209388
34691 0.210882
16858 0.213503
11137 0.213543
17723 0.213932
34716 0.214121
7189 0.214442
661 0.215298
15691 0.215586
16876 0.215755
663 0.215819
20352 0.216233
22423 0.218947
645 0.220291
7192 0.221145
7390 0.224536
20489 0.225516
7843 0.226186
11515 0.22671
6918 0.227194
17212 0.227784
6920 0.227828
16863 0.228637
26247 0.231322
16873 0.232261
8761 0.234082
28360 0.237061
17721 0.237482
7388 0.238296
22427 0.238695
2147 0.238944
16870 0.240911
7205 0.241752
15641 0.24273
15658 0.243937
7204 0.246436
15643 0.24868
16867 0.25045
689 0.25124
2150 0.251597
7196 0.251712
673 0.252578
7202 0.253382
15656 0.25454
34700 0.254841
20357 0.255231
34697 0.255567
11139 0.255993
5046 0.257647
15645 0.257827
34703 0.259235
3195 0.259789
8767 0.262049
27995 0.26275
644 0.264089
34847 0.272078
34709 0.27217
34843 0.272898
26252 0.273243
34846 0.273448
28356 0.274904
3496 0.274999
34844 0.275596
20485 0.276753
34845 0.277128
7841 0.28217
34842 0.289783
35431 0.291107
5033 0.292147
7200 0.29234
15715 0.294008
20167 0.300436
15718 0.300699
3499 0.305476
7198 0.306208
643 0.30837
20364 0.313346
638 0.315585
20394 0.321758
20480 0.323019
20404 0.324204
7839 0.327855
20463 0.332272
20437 0.337965
3192 0.340673
28015 0.344617
20424 0.345711
642 0.347591
20429 0.3502
20417 0.351322
627 0.356407
20530 0.360546
639 0.368871
20533 0.373215
35429 0.373325
640 0.37652
20408 0.37833
20439 0.380565
641 0.381159
3187 0.383205
20442 0.392732
3185 0.397579
3189 0.406706
626 0.412022
3502 0.413053
20453 0.417679
3534 0.423288
339 0.472383
35427 0.476265
625 0.48303
340 0.501167
3507 0.511663
3526 0.514307
341 0.515756
337 0.531905
6359 0.533634
624 0.539514
615 0.558529
614 0.560304
616 0.568319
35425 0.57234
342 0.573112
3520 0.573312
335 0.577249
617 0.582316
3513 0.58329
608 0.584964
623 0.587313
611 0.589416
609 0.592613
621 0.592821
622 0.593959
35408 0.594088
610 0.601168
333 0.611105
343 0.638846
23312 0.643315
35423 0.661179
331 0.668312
344 0.690644
35415 0.704871
35412 0.712787
345 0.723923
35421 0.762058
346 0.762809
35419 0.780246
35417 0.794146
382 0.799817
377 0.805232
376 0.805675
378 0.806113
383 0.807603
375 0.810068
381 0.812243
379 0.814094
380 0.815338
347 0.819194
348 0.840077
354 0.846959
349 0.847102
352 0.849148
353 0.850195
350 0.853216
355 0.855536
