11107 0.0440479
11110 0.0470661
11102 0.0525697
11114 0.0615511
18564 0.0624036
27753 0.0646939
30883 0.075023
6906 0.0768372
11091 0.0771709
11117 0.0772491
33325 0.0776337
33323 0.0781665
6904 0.0795023
29107 0.0795191
33327 0.0822554
33321 0.0846204
33329 0.0850052
29822 0.085435
20812 0.0889085
6901 0.0892367
22795 0.089558
1960 0.0899524
33031 0.0902117
20815 0.0902394
23870 0.090303
23866 0.0904492
3816 0.0911105
4030 0.0922605
22794 0.0924115
33331 0.0933877
2577 0.0941699
3820 0.094488
30847 0.094632
20821 0.0946392
14965 0.0948834
29627 0.0949296
11579 0.0955582
5195 0.0955735
23874 0.0957391
2674 0.0958873
21346 0.0961204
12987 0.0962186
4044 0.0966614
1959 0.0969801
19706 0.0981283
12691 0.09833
3824 0.0990054
23862 0.0991279
21348 0.0991341
8332 0.0993289
19710 0.0993602
7695 0.0994211
7689 0.0996846
23212 0.100209
3988 0.100344
8325 0.100517
29569 0.10062
23210 0.100912
23881 0.10101
35274 0.10136
5200 0.101823
23202 0.101871
7679 0.101927
2076 0.101953
26456 0.101957
3811 0.102026
6910 0.102038
11128 0.102229
32804 0.102542
19703 0.102626
25057 0.102679
26466 0.102727
8316 0.102854
23215 0.102917
7723 0.102928
32814 0.102954
27746 0.102971
5193 0.10311
23208 0.10314
11576 0.10317
32806 0.10317
18240 0.103246
7709 0.103391
25059 0.103568
7724 0.103632
18260 0.103943
23206 0.104116
5184 0.10422
12689 0.104446
23000 0.104457
5175 0.104582
25055 0.104731
18238 0.104939
33335 0.104973
25070 0.105092
18245 0.105092
23207 0.105125
18712 0.105186
27434 0.10527
18713 0.105338
8311 0.105349
26478 0.105603
26787 0.105685
26782 0.105728
32801 0.105974
2678 0.105989
18711 0.106005
24781 0.106132
29565 0.106242
18368 0.106336
6899 0.106425
3415 0.106436
4441 0.106486
17493 0.106663
32441 0.106705
35287 0.106725
3807 0.106941
5169 0.107053
26442 0.107069
18683 0.107084
18705 0.107143
17495 0.107236
7725 0.107281
32933 0.107303
32820 0.10738
1958 0.107563
456 0.10761
26777 0.107637
26772 0.107691
26626 0.10772
27440 0.107806
3975 0.107861
26785 0.10789
3978 0.10799
18710 0.108002
35289 0.108157
23847 0.108338
20720 0.108358
23217 0.108525
26763 0.108539
18364 0.108644
11627 0.108709
8277 0.108791
3416 0.108862
8307 0.109065
18708 0.109119
32729 0.109121
23129 0.109269
32810 0.109337
18709 0.10952
26482 0.109908
28971 0.109983
33594 0.11013
18714 0.110186
33234 0.11022
25029 0.110342
19722 0.110406
455 0.110412
31468 0.110466
24353 0.110539
26759 0.11056
2744 0.110812
24498 0.110891
2742 0.110923
33598 0.110928
28935 0.110975
33884 0.111245
18236 0.11125
32807 0.111268
24946 0.111352
33885 0.111397
28955 0.111448
32799 0.111533
33630 0.111568
26432 0.111679
7727 0.111885
11625 0.111921
8252 0.111922
2263 0.111927
32965 0.111977
34466 0.111987
19724 0.112147
28637 0.112191
34514 0.112248
20613 0.112333
2746 0.112382
24992 0.112402
18667 0.112453
9751 0.112453
2080 0.112561
28972 0.112665
14148 0.112716
4556 0.112778
33597 0.112883
18422 0.112889
23885 0.112987
32766 0.11308
14736 0.113089
5307 0.113328
22846 0.11357
33210 0.113645
33543 0.113645
34442 0.113669
10210 0.113902
29134 0.113904
33878 0.113939
26484 0.113996
32688 0.114056
11567 0.11427
23218 0.114462
26379 0.114474
32845 0.114628
33307 0.114634
22710 0.114643
1957 0.114681
27390 0.114683
26430 0.114844
32769 0.114853
4460 0.114868
32694 0.114895
9886 0.114984
33888 0.115006
32088 0.115301
32983 0.11533
18355 0.11545
18716 0.115505
3797 0.115575
4514 0.115929
26486 0.115975
5310 0.116049
454 0.116141
26507 0.116194
26518 0.116201
26512 0.116266
17249 0.11643
630 0.116445
28064 0.116507
32795 0.11652
32797 0.116662
792 0.116757
26751 0.116808
4496 0.116812
26525 0.11687
8223 0.116987
26501 0.117033
10212 0.117041
24782 0.117059
26488 0.117072
23134 0.117106
26504 0.117149
35719 0.117186
4568 0.117187
7728 0.117218
10419 0.117252
26514 0.117312
4562 0.117376
19726 0.117412
20708 0.11747
5308 0.117484
17233 0.117505
33881 0.11752
24487 0.117545
17250 0.117548
23539 0.117677
32839 0.117756
27428 0.117777
26665 0.117804
32994 0.117844
24933 0.117887
26497 0.118057
34519 0.118098
26494 0.118111
20735 0.118164
31728 0.118183
8190 0.118183
5229 0.118456
18720 0.118489
4565 0.118551
20710 0.118576
9884 0.118814
5029 0.118844
5306 0.11885
32666 0.118872
9882 0.118944
32827 0.118999
790 0.119038
28919 0.119058
11623 0.119183
19456 0.119267
17253 0.119269
26523 0.119279
26279 0.119294
31727 0.11932
10405 0.119395
791 0.119405
19449 0.119427
29808 0.119527
19591 0.119545
17938 0.119602
21882 0.119616
26499 0.119697
2740 0.119726
33008 0.119891
448 0.119892
2049 0.119913
17251 0.120025
3247 0.120041
17252 0.120089
23132 0.120097
19761 0.120127
7729 0.120191
789 0.120201
9837 0.120213
33591 0.120311
30685 0.120498
5423 0.12068
774 0.120728
4424 0.12077
2681 0.120817
3791 0.120885
9843 0.120895
793 0.120959
5305 0.120961
32662 0.121139
6912 0.121182
18661 0.121275
786 0.121308
8218 0.121345
26814 0.121375
28886 0.121407
29559 0.121427
30110 0.12143
629 0.121523
5257 0.121628
18463 0.121768
23531 0.121809
4411 0.121828
788 0.121893
26265 0.121894
33305 0.121937
2738 0.122037
23831 0.122038
23521 0.1222
783 0.122279
26426 0.1223
26530 0.122369
25146 0.122395
9797 0.122437
20901 0.122449
29806 0.122496
779 0.122572
19454 0.122574
7731 0.122621
812 0.122624
17826 0.122706
631 0.122921
35634 0.122923
813 0.12299
8820 0.123076
32557 0.123082
2749 0.123175
29378 0.12324
811 0.123283
9879 0.12329
794 0.123423
5419 0.123475
5689 0.123488
10193 0.123575
18718 0.123648
795 0.123732
35828 0.123812
5303 0.123894
23891 0.124031
20313 0.124039
9825 0.124061
14542 0.124138
10191 0.124166
32448 0.124191
7734 0.124194
33488 0.124323
796 0.124471
5422 0.124485
9863 0.124486
22607 0.124571
9437 0.124651
17693 0.124659
9869 0.124842
19729 0.124901
22605 0.124913
18232 0.124957
20718 0.124975
19433 0.125009
33589 0.125018
33912 0.125091
4388 0.125126
26817 0.125186
24576 0.125191
5302 0.125274
29804 0.125304
35830 0.12538
9434 0.125506
32457 0.125529
11596 0.125704
3779 0.125713
9848 0.125714
24959 0.125733
7733 0.125776
9374 0.125827
9873 0.125859
24950 0.125909
9398 0.125973
35721 0.126013
797 0.126107
628 0.126148
8214 0.126158
11598 0.126188
9864 0.126211
9866 0.126213
26584 0.126279
26587 0.126341
32533 0.126349
8822 0.126376
2364 0.126494
19442 0.126539
29859 0.126614
8163 0.12678
1158 0.12681
17829 0.126838
9861 0.126875
769 0.126936
23887 0.126975
9812 0.127041
777 0.127226
32532 0.127234
810 0.127237
9423 0.12726
34245 0.127276
33471 0.127279
20645 0.127279
9768 0.127318
798 0.127378
5025 0.127466
2056 0.127524
14127 0.12755
19732 0.127652
32083 0.127818
14727 0.127869
33588 0.127888
11131 0.127923
808 0.128102
25152 0.128172
5417 0.128189
5301 0.128359
23827 0.128395
19739 0.128472
20601 0.128566
16350 0.128692
19440 0.128825
20897 0.128862
3740 0.12896
19434 0.128987
757 0.128991
9871 0.128995
7662 0.129024
800 0.129068
9895 0.129115
5296 0.129156
29381 0.129313
31763 0.129373
5415 0.129536
7735 0.129585
9420 0.129616
3787 0.12981
6897 0.129887
11646 0.129889
3871 0.130001
5299 0.130047
11622 0.130054
968 0.130228
32560 0.130245
29854 0.130263
3362 0.130331
32559 0.130372
10397 0.13043
1108 0.130446
20552 0.130488
9783 0.130523
31136 0.130682
3229 0.130733
20621 0.131017
32651 0.131029
1864 0.131033
31640 0.131035
6639 0.131138
807 0.131181
7737 0.131196
803 0.131256
5277 0.131337
3736 0.131391
5261 0.131399
5097 0.131502
33874 0.131801
33487 0.131823
5335 0.131829
29553 0.131832
3359 0.131844
33199 0.131851
6518 0.131893
468 0.13193
29654 0.131971
8813 0.13212
9361 0.132144
20650 0.132151
9428 0.132263
22017 0.132311
806 0.132491
22014 0.132609
15249 0.132637
32232 0.132803
17822 0.132847
2785 0.132899
28904 0.133107
736 0.133232
19438 0.133232
20310 0.13325
32384 0.13331
22813 0.133311
5057 0.133516
805 0.13355
2651 0.133607
3970 0.133652
31273 0.133858
632 0.133894
35584 0.133912
8917 0.133981
20319 0.13399
2362 0.134154
35511 0.134165
22026 0.134234
23889 0.134268
22556 0.134361
32248 0.134378
27900 0.134398
959 0.134424
9217 0.134496
21310 0.134758
31140 0.134939
29663 0.13498
6513 0.135219
27182 0.135233
967 0.135241
8197 0.135337
18162 0.135476
32648 0.135681
34591 0.135754
34334 0.135767
2365 0.135834
10303 0.13636
657 0.136391
29850 0.136415
4116 0.136425
10137 0.136459
476 0.136509
2055 0.136534
2722 0.136537
961 0.136606
2626 0.136705
2736 0.136748
11621 0.136764
11649 0.136833
3697 0.13685
35637 0.136897
17819 0.136952
7665 0.136967
11199 0.13703
5092 0.137405
9367 0.137479
3350 0.137527
20882 0.137646
31305 0.13767
470 0.137732
20886 0.137853
33364 0.137922
31767 0.137923
2045 0.138058
29196 0.138089
2639 0.138107
8934 0.138111
4592 0.138113
8888 0.138143
8829 0.138143
19436 0.138259
3764 0.138351
11655 0.138371
22550 0.138405
6507 0.138721
24604 0.138858
1078 0.138947
964 0.138956
24545 0.138966
4345 0.139058
32530 0.13911
14716 0.139113
10180 0.139383
16724 0.139391
22647 0.139659
2646 0.139703
3721 0.139835
17694 0.140093
650 0.140148
32646 0.140207
633 0.140443
965 0.140632
15436 0.140679
21361 0.140764
9441 0.140859
9372 0.140995
5072 0.141073
3756 0.141139
31410 0.141151
20846 0.141203
16404 0.141468
473 0.141508
29681 0.141547
9347 0.141634
11178 0.141685
18009 0.14172
5067 0.14184
31365 0.141986
957 0.142022
627 0.142313
17817 0.1424
18647 0.142634
3752 0.142641
3754 0.14302
29549 0.14322
11620 0.143269
29199 0.143286
20304 0.143376
17816 0.143468
8833 0.143525
25757 0.143576
2375 0.143603
984 0.143626
2641 0.143666
5020 0.143707
18013 0.144173
445 0.144199
20703 0.144228
8952 0.144262
22672 0.144464
23775 0.144741
20136 0.144866
20876 0.144986
10165 0.145132
9920 0.145278
25761 0.145334
20884 0.145697
34593 0.145817
22678 0.146198
2732 0.146204
24640 0.146393
8816 0.146506
9896 0.146618
6548 0.146667
17695 0.146843
2779 0.147102
28996 0.147264
16530 0.147364
25755 0.14747
17697 0.147606
28984 0.147705
4595 0.148041
26195 0.148095
28993 0.14832
8945 0.148348
3711 0.148386
17814 0.148408
452 0.148531
15447 0.148683
25759 0.148873
14193 0.14904
11619 0.149051
29688 0.149321
7898 0.149736
446 0.149746
25752 0.149775
2724 0.149884
956 0.14999
10174 0.150108
31642 0.150251
2728 0.15051
11134 0.150549
20325 0.150726
2729 0.150965
20545 0.151026
27176 0.151055
18003 0.151232
9897 0.151376
21895 0.151471
21608 0.151524
14845 0.151581
21222 0.151934
719 0.15225
18001 0.152345
30377 0.152438
15424 0.152674
31699 0.152942
2727 0.153036
10131 0.153359
649 0.153448
1444 0.153993
11617 0.154152
7988 0.154206
14827 0.154341
5994 0.15435
35513 0.154686
626 0.154852
28995 0.155011
16845 0.155251
11614 0.155296
634 0.155498
16840 0.15559
450 0.155592
17698 0.155835
9898 0.155916
17813 0.156479
34654 0.156674
12009 0.156979
19231 0.157563
8960 0.157721
27630 0.157854
16849 0.157937
11615 0.157997
480 0.158021
27518 0.15821
30366 0.158287
25342 0.15831
6896 0.158342
30330 0.159098
19802 0.159246
30306 0.159585
16842 0.160079
9899 0.160177
10115 0.160292
658 0.160471
30324 0.160664
10376 0.162465
27919 0.162599
27133 0.162657
8814 0.162998
31703 0.163551
22767 0.164126
17808 0.164242
6438 0.164477
21154 0.164616
10105 0.164632
31648 0.164896
954 0.165067
22765 0.165117
4931 0.165305
9499 0.165462
33064 0.165742
20297 0.165935
26205 0.166131
30315 0.166786
22764 0.166805
7907 0.166805
27124 0.16743
17700 0.167451
34666 0.167488
27156 0.167762
27115 0.167991
19800 0.168041
10973 0.168491
635 0.168745
17736 0.168812
11136 0.169017
20523 0.169413
14052 0.169943
637 0.169945
17386 0.170307
30310 0.170555
730 0.170731
31705 0.170935
4687 0.171042
4955 0.171265
17388 0.171931
17732 0.172014
7916 0.172578
20292 0.172707
16860 0.173593
2023 0.173794
20527 0.173808
17729 0.173836
8759 0.173838
486 0.174325
20284 0.174576
7931 0.175014
20273 0.175191
17390 0.175535
17734 0.176024
31707 0.176147
1484 0.176195
27922 0.176543
20211 0.177344
17392 0.17748
1819 0.178076
22544 0.178381
17384 0.178461
17727 0.178886
34917 0.179061
20288 0.179205
17380 0.17939
33061 0.179422
7658 0.17971
34916 0.179907
7830 0.180302
648 0.180647
702 0.181283
4790 0.181555
4943 0.181748
2024 0.181751
7828 0.18198
1834 0.182262
27924 0.182412
14197 0.182652
638 0.182936
34915 0.184249
34672 0.184472
10962 0.185309
31650 0.185509
4340 0.185981
17725 0.186037
20331 0.186343
11138 0.186533
19415 0.187211
19417 0.187266
20204 0.187341
8006 0.187566
6894 0.187773
27927 0.189201
723 0.189696
31651 0.18996
7176 0.190081
6369 0.191433
7933 0.192255
4335 0.192387
30503 0.192468
17379 0.193331
830 0.193515
647 0.194131
20265 0.196181
11153 0.196215
640 0.196657
8758 0.196853
34914 0.197106
22543 0.199003
19914 0.199325
4786 0.199842
20217 0.200944
19895 0.201063
8002 0.201627
20225 0.201964
6367 0.202109
34913 0.202238
8761 0.202327
20057 0.202464
417 0.202756
16174 0.203007
11143 0.204144
11146 0.20437
11140 0.204373
643 0.204728
16173 0.204957
4796 0.205738
416 0.20584
488 0.205863
28417 0.205998
15637 0.207374
570 0.207465
4798 0.208413
23265 0.209536
15639 0.210045
19234 0.210516
15635 0.21089
1816 0.21148
642 0.211533
624 0.213967
646 0.214345
641 0.214994
4331 0.215073
6893 0.216129
20345 0.216254
645 0.216417
6663 0.216739
644 0.216934
16172 0.217882
415 0.220113
34911 0.220294
14212 0.220883
35325 0.22146
15633 0.224458
7159 0.225363
15631 0.225366
34910 0.22578
7158 0.22614
414 0.227959
7157 0.229403
944 0.229466
413 0.229623
15629 0.230874
7160 0.230985
26914 0.232298
29342 0.232966
26915 0.234259
8755 0.235126
8702 0.235727
6885 0.2373
7227 0.237324
6021 0.238872
6892 0.238913
26909 0.23896
8756 0.23984
26912 0.240326
623 0.2404
6887 0.241696
34908 0.242178
7156 0.2431
20437 0.243343
572 0.243596
26910 0.24429
35330 0.248942
6674 0.249218
20354 0.249715
19235 0.250008
566 0.250657
7155 0.252477
6080 0.252721
20430 0.259443
11432 0.261417
34906 0.262013
622 0.264271
11442 0.264818
6890 0.266359
7154 0.267526
28325 0.267648
6889 0.268274
15652 0.268748
34978 0.26906
7153 0.270162
22528 0.270767
11435 0.271294
670 0.274573
673 0.274865
11433 0.275267
34904 0.276853
614 0.277789
4328 0.279057
20360 0.27992
621 0.280192
406 0.28083
7811 0.286651
404 0.288628
615 0.289922
34977 0.290581
29303 0.292619
7152 0.295742
34902 0.297713
620 0.298854
11428 0.299508
99 0.30178
11429 0.30223
11431 0.302628
616 0.30399
34898 0.304346
11430 0.304428
619 0.304505
4326 0.306028
34926 0.307071
7808 0.307193
7806 0.307273
7065 0.307555
20371 0.307619
400 0.307835
7351 0.308448
34900 0.308749
7807 0.308764
15672 0.309944
402 0.310384
34899 0.311152
11427 0.311358
12373 0.311925
4324 0.311977
7071 0.312063
8753 0.312997
7353 0.313797
14227 0.316524
12376 0.318218
7485 0.319775
11426 0.323495
12379 0.32413
1324 0.325231
11423 0.326383
11425 0.332019
398 0.333314
6356 0.334184
11424 0.335447
11419 0.339405
11417 0.340394
11421 0.341828
7805 0.344393
604 0.347095
396 0.348332
11377 0.351092
14234 0.354545
602 0.356533
11350 0.357319
8751 0.359821
596 0.365741
34964 0.379254
14260 0.381532
14273 0.386001
8750 0.393888
34965 0.397355
14261 0.398889
24139 0.400469
7646 0.402537
34969 0.40313
34968 0.40334
14269 0.404121
34970 0.406229
19387 0.406686
34966 0.40727
24135 0.41113
24137 0.411989
14265 0.414225
7645 0.417051
8749 0.421985
24133 0.422002
35399 0.424969
24131 0.434715
8748 0.435818
35403 0.437714
158 0.448004
8746 0.45134
8744 0.452009
8747 0.454827
8745 0.45589
178 0.458131
22135 0.459706
7042 0.480045
26143 0.486098
210 0.507597
225 0.527533
310 0.574209
237 0.582781
318 0.586113
269 0.58837
315 0.594894
322 0.610596
7035 0.64179
369 0.660748
340 0.662857
