10348 0.0124723
10343 0.0134118
24978 0.0145827
23256 0.0147706
33383 0.0148839
10350 0.0149984
33536 0.0157775
11709 0.0160396
9868 0.0163054
13293 0.0163626
23243 0.0168611
9866 0.017387
10340 0.0173985
6316 0.017526
11711 0.0175408
9870 0.0175622
11622 0.0176419
4759 0.0177182
4761 0.0177673
32675 0.0178534
1313 0.0179211
24975 0.0180812
9992 0.0181995
5299 0.0184235
11621 0.0184385
23151 0.0184397
32882 0.0184524
4757 0.0186865
11284 0.0187025
10573 0.018803
11286 0.0188402
8012 0.0188723
23149 0.0189663
29047 0.0190007
7792 0.0190196
8337 0.0190355
5305 0.0190767
5287 0.019083
11677 0.0191715
5097 0.019176
8011 0.0191871
9864 0.0192152
32879 0.0192663
34767 0.0193258
492 0.0193331
9999 0.0194116
2064 0.0194205
5296 0.0195196
11283 0.0195793
8013 0.019664
18765 0.0197101
9886 0.0198223
5159 0.0198352
2066 0.0198489
11706 0.0198498
2065 0.0198689
11289 0.0199247
33936 0.019975
12249 0.0200298
8330 0.0200516
5109 0.020091
19762 0.0201695
11240 0.0203827
22893 0.0204108
5586 0.0204195
23215 0.0204493
6645 0.0205457
2063 0.0205673
1314 0.0205719
11620 0.0206165
33924 0.0206879
502 0.0206888
7791 0.0207103
23212 0.0207789
9872 0.0207817
9884 0.0208555
8010 0.0209207
17786 0.0209635
33533 0.020997
16753 0.0210265
10570 0.0211787
4742 0.0212249
496 0.021324
4753 0.0213647
5154 0.0214073
5117 0.0214549
32790 0.0215141
1325 0.0215176
843 0.021558
20940 0.0215689
11242 0.0215897
16759 0.021591
28631 0.0216217
841 0.0216345
9887 0.0216371
476 0.0216373
473 0.0216613
27315 0.0217098
4747 0.0217186
5164 0.0217321
8014 0.0218888
28622 0.0218889
9002 0.0218971
23229 0.0219258
11623 0.0219294
9475 0.02194
25189 0.0219454
32685 0.0219755
8982 0.022028
11249 0.0220343
12260 0.0220971
490 0.0221445
11246 0.0221781
28660 0.0221867
5335 0.0222236
11680 0.0222429
19756 0.0223324
23152 0.0223509
19763 0.0223597
8339 0.0224062
9975 0.0224083
33675 0.022443
9587 0.02245
470 0.0224667
9472 0.0224826
4750 0.0224956
10357 0.0225194
11257 0.0225211
9580 0.0225256
797 0.022564
18716 0.0226095
12297 0.0226479
9863 0.02271
9505 0.022742
5334 0.0227534
5337 0.0229075
11245 0.0229446
798 0.0229572
11683 0.0229674
33674 0.0229846
23264 0.0230327
9882 0.0230918
5336 0.0230973
12329 0.0231008
12327 0.0231767
25177 0.0231959
9465 0.0232758
4643 0.0233019
9874 0.0233025
28641 0.0233366
18221 0.0233507
11281 0.0233756
4733 0.0234641
6644 0.0234822
8325 0.0234961
800 0.0235091
5177 0.0235092
9644 0.0235583
19759 0.0235943
4645 0.0236569
9503 0.0236583
8979 0.0237374
10004 0.0237688
796 0.0238031
20809 0.023815
33893 0.0238801
32172 0.0239024
806 0.0239079
28611 0.0239643
19757 0.0239854
27669 0.024004
9530 0.0240072
27697 0.0240405
22614 0.024044
11239 0.0240441
9880 0.0240453
9478 0.0240504
8992 0.0241054
33947 0.0241092
29049 0.0241419
9889 0.0241644
837 0.0241662
20815 0.0241835
12331 0.0242059
11266 0.0242831
840 0.024327
807 0.0243795
11696 0.0243871
25199 0.0244106
10569 0.0244149
11323 0.0244267
5339 0.0244296
21398 0.0244505
25058 0.0244656
8015 0.0245233
9543 0.0245452
10360 0.0245654
11685 0.0245782
11618 0.0245783
32584 0.0246174
10194 0.0246325
23862 0.0246538
9481 0.0246594
9878 0.0246889
17917 0.0247597
9484 0.0248112
32793 0.0248421
9528 0.0248428
10196 0.0248468
32398 0.0248834
8985 0.0248844
21084 0.0249058
9642 0.0249127
11294 0.024924
795 0.0249466
19758 0.0249559
33531 0.0249786
4729 0.0250592
803 0.0250787
11262 0.0251172
8975 0.0252115
29416 0.0252209
810 0.0252396
33971 0.0252471
11702 0.0252583
5343 0.0252654
4641 0.0252689
27651 0.0252958
10455 0.0252978
794 0.0253314
32875 0.0253706
9489 0.0253717
9508 0.0254007
20821 0.0254022
805 0.0254684
10023 0.0254773
808 0.025485
18759 0.0254903
11235 0.0255304
27492 0.0255568
17866 0.0255873
27660 0.0256194
32687 0.0257074
17627 0.0257323
10008 0.0257701
6643 0.0258604
839 0.0258983
11298 0.0259002
793 0.0259084
836 0.0259115
21113 0.025933
8016 0.0259395
9599 0.0259424
9927 0.0259603
9501 0.0260294
22611 0.0260614
11237 0.0260775
11326 0.0260864
792 0.0260998
8316 0.026103
18330 0.0261099
11674 0.0261436
33663 0.0261655
9522 0.026208
22617 0.0262141
2650 0.0263028
10338 0.0263179
18325 0.0263377
4685 0.026356
23146 0.0263622
28604 0.0263633
10019 0.026365
11269 0.0264021
4637 0.0264414
11325 0.0264827
811 0.0265022
9962 0.0265405
9510 0.0265891
11275 0.0266189
11324 0.0266532
10193 0.026662
5333 0.0267342
17274 0.0267793
8341 0.0268356
10011 0.0268381
11321 0.0268443
460 0.0268867
791 0.0268956
9862 0.0269094
1849 0.0269336
23217 0.0269874
25073 0.0270126
9640 0.0270497
9499 0.0270576
2646 0.0271075
9891 0.0271119
11238 0.0271566
1843 0.0271706
10045 0.0272115
15553 0.0272358
813 0.0272402
10027 0.0272572
844 0.0273307
9861 0.0273736
25095 0.0274607
18773 0.0274973
5352 0.0275378
33965 0.0275884
10231 0.0276122
9625 0.027627
9935 0.027665
17912 0.0279877
2061 0.0280084
20927 0.0280161
28590 0.0280361
10015 0.0280375
4702 0.0280438
8967 0.0280675
9910 0.028068
15551 0.0281114
4727 0.0281118
812 0.0281524
29407 0.0282332
8345 0.0282345
1848 0.0282936
10568 0.0283941
9894 0.0284242
11617 0.0284456
25075 0.0284949
824 0.0285237
35841 0.0285544
16741 0.0285826
28597 0.0285843
18753 0.0285885
15545 0.0286016
21106 0.0286401
27470 0.0287278
35836 0.0287386
790 0.0287875
32581 0.0288093
25053 0.0288232
18215 0.0289009
18743 0.0289059
32885 0.0289302
3904 0.0289398
818 0.0289485
9613 0.0290216
29051 0.0290967
459 0.029116
18029 0.0291233
33403 0.0291555
4614 0.0292735
9913 0.029277
835 0.0293324
8343 0.0293476
10198 0.0293653
11300 0.0294085
9924 0.0294372
9895 0.0295331
4725 0.0295429
5360 0.0295491
11318 0.0295719
10064 0.0295876
814 0.0296026
825 0.0296163
10446 0.0296729
789 0.0297077
2031 0.0297232
33897 0.0297236
831 0.0297374
9012 0.0297956
35838 0.0298911
10448 0.0300462
18039 0.0301698
8961 0.0301973
9896 0.0302637
10224 0.0302776
17881 0.0303579
827 0.0303657
19772 0.0303673
33903 0.0304081
5364 0.0304132
10334 0.0304879
29645 0.0305212
10452 0.0305283
9944 0.0305456
829 0.0305558
20792 0.0306284
35840 0.0307234
10227 0.0307412
17909 0.0308311
5332 0.0308425
23267 0.0308984
8954 0.0309361
5362 0.0309481
22608 0.0310264
21089 0.031081
10225 0.0311442
816 0.0311674
9904 0.0311988
10229 0.0312267
833 0.0313696
19481 0.031383
10564 0.0313911
3909 0.0314159
10574 0.0314427
32862 0.0315055
10191 0.0315058
10567 0.0317137
32695 0.0317256
20910 0.0317754
21096 0.0317891
2033 0.0318117
30170 0.0318353
11624 0.0318493
17855 0.0318632
10566 0.0318728
10252 0.0318997
10565 0.0319661
18717 0.0319802
32692 0.0319825
8009 0.0320594
10201 0.0321993
8949 0.0323228
9897 0.0324015
3912 0.0325482
23226 0.0325518
33364 0.0325789
2060 0.0325957
33404 0.0326026
11315 0.0326796
35783 0.0327001
33656 0.0327309
23156 0.0329949
10249 0.0330319
9921 0.0330391
10223 0.033082
10308 0.0330986
17789 0.0331895
10079 0.0332191
33390 0.0332267
5331 0.033345
10440 0.0336822
11670 0.0337128
11312 0.0339593
19459 0.0341706
18019 0.0341781
28583 0.0341796
33652 0.0342389
32552 0.0342733
9898 0.034321
10205 0.0343259
19469 0.0343401
9907 0.0343481
32556 0.0343911
10441 0.0343973
9903 0.0344228
23272 0.0344345
10208 0.0346674
35774 0.0347687
9905 0.0349697
27703 0.0350272
32559 0.0350543
10444 0.0351814
9915 0.0355496
9075 0.0355707
10215 0.0356357
18740 0.0356458
9900 0.0357139
4092 0.03574
10189 0.0358086
2653 0.0358429
9048 0.03591
11663 0.0359483
10254 0.035957
17939 0.035989
8944 0.0361206
22606 0.0361444
18267 0.0362288
9902 0.0362875
19464 0.0362985
9917 0.0365128
23143 0.0366867
20776 0.0366908
9901 0.0368466
20761 0.0373778
33362 0.0374386
23870 0.0375407
18776 0.037552
32558 0.0375737
10438 0.0376019
32587 0.0376307
10210 0.0378138
10222 0.037838
10212 0.0378602
35776 0.037903
11655 0.037951
2656 0.0379696
9018 0.0379734
17906 0.0380208
32890 0.0380241
29636 0.0380748
16729 0.0380793
9024 0.0381802
11652 0.0381856
30167 0.038366
9027 0.0384557
33359 0.0384828
10442 0.038537
18737 0.0385915
10443 0.0386606
29401 0.038715
18271 0.0387918
10187 0.0388246
30165 0.0388382
30164 0.0388506
32560 0.038932
2711 0.0390213
10218 0.0391013
32797 0.0393362
33634 0.0395778
22604 0.039664
4458 0.0398579
29649 0.0398979
23158 0.039939
10220 0.0400532
33644 0.0401121
27711 0.0403341
11659 0.040403
23218 0.0404354
10513 0.0404398
10575 0.040585
22598 0.0406625
35788 0.0406897
2659 0.0408114
10221 0.0408221
18273 0.0409194
10458 0.040994
33638 0.0411429
32536 0.0411714
15485 0.0412028
33640 0.041387
35791 0.0414411
8932 0.0414947
8920 0.0416646
2082 0.0416989
35779 0.0417849
8833 0.0419632
10437 0.041976
18275 0.0420415
2083 0.0421167
23224 0.0421875
32855 0.0422835
9019 0.0423795
9022 0.0424931
30163 0.0425854
11625 0.0426165
23138 0.0429112
4441 0.0429185
29686 0.0430228
23875 0.0430977
2081 0.0436354
33642 0.0436729
2716 0.0438268
33636 0.0440033
32610 0.0441753
18734 0.0441939
17840 0.0443842
33405 0.0444144
8838 0.044423
2662 0.0449056
32799 0.0449209
32801 0.0450414
18713 0.0451073
10436 0.0455338
23375 0.0458866
28578 0.0460086
2059 0.0460292
17832 0.0461079
31361 0.0462493
23219 0.0463062
2079 0.0465262
22728 0.046672
2080 0.0468748
31305 0.0469731
6933 0.047052
2084 0.0470764
23220 0.0473368
18719 0.0473954
10576 0.0474775
994 0.0477121
17903 0.0479449
10504 0.0483276
32899 0.0485918
32577 0.0487686
969 0.0487716
32849 0.0489444
15473 0.0490932
2713 0.0492148
33407 0.0492839
18724 0.0493171
2715 0.0493528
11649 0.0494431
28980 0.0494848
15482 0.0496817
4425 0.0497047
6934 0.0497197
11626 0.0497258
27220 0.0497452
23898 0.0500984
17900 0.0503207
22731 0.0505379
33291 0.0507358
2714 0.0507969
29690 0.0508806
32839 0.0510351
8008 0.0513056
18721 0.0514423
16257 0.0515277
2665 0.0515611
32613 0.051624
32569 0.0516292
23997 0.052297
2667 0.0525349
6931 0.0526323
2777 0.0527416
2717 0.0531058
23881 0.0531232
2085 0.0531922
970 0.0532517
32415 0.0533199
32590 0.0534971
29053 0.0538035
33277 0.0542098
32845 0.0545716
31495 0.0545763
2669 0.0548354
10462 0.0548391
2671 0.0549578
31409 0.0549905
4566 0.055051
4096 0.0550534
31440 0.0551272
11647 0.0551857
29679 0.0552066
11627 0.0553612
29654 0.0556229
15480 0.0556524
2445 0.0558656
32616 0.0560942
15476 0.0561983
32901 0.0565485
15479 0.0567787
18712 0.0570286
18710 0.0572249
2673 0.0572394
8847 0.0575959
8873 0.0576782
29944 0.0578202
31386 0.0578978
8845 0.058059
15474 0.0580686
23895 0.0580728
8842 0.0583533
8904 0.0584545
8857 0.058716
15478 0.0594025
8884 0.0595819
980 0.0597695
6935 0.0601267
968 0.0601283
32604 0.0602234
20899 0.0602682
18711 0.0602849
15477 0.0606615
2087 0.0608661
8859 0.0609376
4409 0.061037
34754 0.0611663
2086 0.0616544
2719 0.0616846
32594 0.0622384
6930 0.0623082
33002 0.0626666
17829 0.0628234
4388 0.062901
18095 0.0630323
10091 0.0636932
3854 0.063979
17817 0.0641432
6936 0.0642658
31468 0.0649352
20743 0.0649938
32600 0.0650022
11629 0.0658643
31491 0.0660444
32102 0.0661359
28573 0.0661595
2724 0.0662312
17410 0.0662555
10495 0.0662611
31463 0.0664191
31456 0.0664281
11645 0.0666375
22060 0.0669305
31615 0.0672594
8708 0.0673123
32598 0.0673742
23893 0.068106
3821 0.0682222
31485 0.068811
6937 0.0690308
18100 0.0693917
2091 0.0694408
971 0.069518
32631 0.0696188
29662 0.0700311
2723 0.0701996
8394 0.0703901
23884 0.0712144
18098 0.0713726
16184 0.0714302
22362 0.0716467
29667 0.0725129
27224 0.0725476
31478 0.0726965
2057 0.0729683
11631 0.0736881
967 0.0736921
29693 0.0760206
2088 0.0761813
18612 0.0762333
966 0.0762869
17827 0.0768418
3831 0.0771401
3851 0.0772652
16183 0.0773068
31600 0.0773354
979 0.0774152
2683 0.0776108
33006 0.0777376
6938 0.0788303
34919 0.0789531
10469 0.0789891
32099 0.0792577
20732 0.0793188
6929 0.0793565
11643 0.0797202
2090 0.0798371
28975 0.0799967
11634 0.0806533
4165 0.0806774
17819 0.080744
18609 0.0811001
7956 0.0811169
31577 0.0814176
34918 0.0819812
29388 0.0821338
20720 0.0825204
22062 0.0827336
2674 0.0829858
31502 0.0835082
2089 0.083864
29622 0.0839234
23887 0.0840111
2722 0.0842657
10491 0.0843993
20265 0.0845463
16190 0.0847172
27227 0.0848597
29696 0.0863306
11635 0.0865891
972 0.0866959
6939 0.0875148
2720 0.0877006
22064 0.0880724
2680 0.0885285
25769 0.0886699
23892 0.0888122
11636 0.0888511
34917 0.0888626
33054 0.0890139
982 0.0894012
28974 0.0895183
33816 0.0895619
32092 0.0896764
11641 0.0896949
33814 0.0899228
34786 0.0902352
3849 0.0903582
2677 0.090399
33060 0.0909704
22066 0.091
6928 0.0911992
11637 0.0912014
17404 0.0928218
17405 0.093272
8711 0.0935085
27264 0.0938546
33057 0.0942181
11639 0.0943319
16181 0.095001
25772 0.0950351
23889 0.0955082
29699 0.0959529
10472 0.0961843
34916 0.0964544
11114 0.0970128
20894 0.0971404
20271 0.0971496
31722 0.0979662
2721 0.0982617
983 0.0997371
10474 0.0997942
6927 0.100826
29929 0.101134
28973 0.101889
31531 0.101992
16193 0.102157
7946 0.102692
10477 0.102882
10485 0.102933
25775 0.103437
10482 0.103441
978 0.10375
29932 0.103862
10479 0.104823
984 0.10494
29927 0.105425
6926 0.105675
34920 0.105817
23891 0.108848
25778 0.109141
29908 0.109917
22806 0.110244
12891 0.110263
8712 0.110487
16179 0.111184
31723 0.111922
2799 0.112903
29913 0.112907
2795 0.113764
28971 0.114512
25781 0.116378
973 0.11638
8615 0.117187
7931 0.11723
6925 0.117255
6912 0.118539
6911 0.119033
11479 0.120384
7109 0.120433
34915 0.120722
7113 0.122171
26975 0.122364
7943 0.122849
2807 0.12438
20889 0.124465
2810 0.124621
20284 0.124686
25784 0.124689
2212 0.125175
6905 0.12519
2817 0.125506
2804 0.12682
16194 0.126822
6913 0.127387
7933 0.128523
2813 0.128613
6907 0.128726
34921 0.129369
6909 0.130003
31727 0.13302
25787 0.134259
31725 0.134454
976 0.134915
11124 0.134916
34795 0.135517
11473 0.138517
11499 0.138724
8798 0.138962
17721 0.139009
6924 0.139056
7941 0.140242
6914 0.140504
8788 0.143632
34922 0.144231
974 0.144651
20307 0.144929
25790 0.145112
7935 0.14546
17723 0.145709
14302 0.147029
7115 0.147092
34914 0.147608
8777 0.14986
8784 0.150108
11483 0.150157
7939 0.150254
17725 0.150662
8781 0.150839
17727 0.151037
7117 0.151505
34923 0.152053
7120 0.152604
8773 0.152736
20287 0.152773
25793 0.153319
11129 0.153358
11489 0.153555
34924 0.156926
14300 0.157035
7937 0.158347
16195 0.158555
14315 0.158627
11505 0.159709
6915 0.161224
20310 0.16199
11465 0.163156
17719 0.165274
6922 0.166614
14318 0.167439
7175 0.170556
7170 0.172118
7076 0.173673
6916 0.174244
631 0.175062
11132 0.176793
14298 0.177294
630 0.177642
34680 0.178844
7179 0.180151
11135 0.183676
11510 0.183735
14296 0.184809
17716 0.187003
7184 0.187523
6920 0.187657
34691 0.190496
11461 0.191449
14304 0.191539
6918 0.191645
8793 0.193484
16196 0.196592
11137 0.199588
11512 0.200023
34684 0.200118
14307 0.202753
7202 0.203078
34703 0.204389
14311 0.204911
17714 0.206935
14309 0.207345
34682 0.212193
14294 0.212612
11139 0.213881
11515 0.215024
8767 0.21634
7186 0.217781
34929 0.220258
14321 0.220435
5020 0.220455
22411 0.224767
11458 0.225057
11438 0.226074
7200 0.228803
11141 0.23002
20489 0.23031
17712 0.232487
11145 0.235954
20494 0.236182
8759 0.23801
11519 0.238722
20485 0.23929
17710 0.239777
11143 0.241607
11523 0.247078
11435 0.247864
11521 0.2488
20523 0.249956
11442 0.251057
20501 0.251239
11449 0.252975
14292 0.253146
4953 0.253437
5024 0.25427
637 0.255126
11433 0.257145
20174 0.257331
20364 0.257772
20172 0.260347
7198 0.263073
20167 0.263512
20507 0.265169
20170 0.265513
20404 0.265773
3496 0.266865
7189 0.267318
7196 0.267656
8761 0.267838
14324 0.267947
20480 0.267958
34990 0.268052
627 0.268069
20394 0.272223
7192 0.272254
5027 0.272719
20380 0.275477
20463 0.284306
20417 0.285579
35431 0.289523
5030 0.289833
14336 0.294661
626 0.299181
14290 0.299246
14278 0.299393
20424 0.303536
6858 0.306857
5033 0.308035
35429 0.31471
14281 0.316621
14339 0.31761
20453 0.323256
20429 0.335931
3499 0.33657
20442 0.338041
14342 0.338391
625 0.343324
14287 0.350258
20437 0.359128
14275 0.360749
14285 0.372492
20439 0.376248
624 0.378045
35427 0.385057
3502 0.392571
14271 0.400254
623 0.422578
3507 0.428644
34975 0.428816
14268 0.454041
35425 0.459093
622 0.460252
22143 0.47043
22147 0.480714
22150 0.481406
621 0.485476
22146 0.489117
14261 0.490397
14265 0.491003
22149 0.491698
22145 0.499029
22142 0.501848
612 0.50227
22144 0.503093
613 0.504536
620 0.50671
619 0.508279
618 0.50958
611 0.512714
614 0.518044
22141 0.518223
617 0.520475
22139 0.523821
610 0.524537
616 0.526436
35423 0.527644
608 0.527829
615 0.528439
609 0.529369
22136 0.547865
22137 0.562267
604 0.565933
22138 0.567766
602 0.579728
35405 0.584565
35421 0.596113
35419 0.658636
35408 0.685643
35415 0.739163
35417 0.739491
35412 0.746181
379 0.781822
380 0.786136
378 0.787333
377 0.787713
376 0.787832
381 0.787931
375 0.788248
374 0.790154
373 0.791631
372 0.79535
371 0.801353
370 0.803872
369 0.804142
368 0.807597
4283 0.856871
4285 0.890186
4289 0.908113
4290 0.91552
4291 0.918308
4292 0.919594
4293 0.921946
4294 0.92259
4295 0.927535
