27982 0.0150601
20315 0.0150964
14266 0.017403
23539 0.0186442
23547 0.0187525
28198 0.0189486
19782 0.0193271
23414 0.0211582
18359 0.022801
24204 0.0233686
28316 0.0234195
28334 0.0234229
28328 0.0237047
28312 0.0238019
24098 0.0238497
23252 0.0238924
28308 0.0240353
20318 0.0240478
10106 0.0241808
28331 0.0242385
16191 0.0244147
21973 0.0246943
28320 0.0249174
24131 0.025034
28505 0.0250973
23254 0.025137
20312 0.0254011
28324 0.0259929
23589 0.0260548
23412 0.0269796
21959 0.0272626
24114 0.0276358
28297 0.0276995
25606 0.0277491
40445 0.0278161
16912 0.0279699
16901 0.0280753
24094 0.0281286
24881 0.0282463
37884 0.0282591
18361 0.0284773
18419 0.0284805
18127 0.0287124
24081 0.0287814
23356 0.0288823
5197 0.0288986
18389 0.0290716
22791 0.0291444
17207 0.0291929
30902 0.0292078
30798 0.0292383
24093 0.0293546
37663 0.0294354
16537 0.0294601
19829 0.0295662
36918 0.0295922
39375 0.0296204
18133 0.0296301
3083 0.0296605
30104 0.029688
24101 0.0297358
37653 0.0297848
22182 0.0298012
41215 0.029896
17783 0.0299207
24862 0.029922
28341 0.0299545
24062 0.0301536
28337 0.0301649
24108 0.0301987
24074 0.0302007
28529 0.0302185
28532 0.0302259
24071 0.0303166
17977 0.0303574
24104 0.0304022
18329 0.0304097
23410 0.0304167
41216 0.0304303
18392 0.0304399
27628 0.0304736
24096 0.0305368
5888 0.0306473
21938 0.0306653
18129 0.0306949
7293 0.0307051
36913 0.0307187
5890 0.0307857
14251 0.03079
2862 0.0307962
2308 0.0308806
24083 0.0309096
22175 0.0309578
24065 0.0310687
9516 0.0312164
21962 0.0313542
25608 0.0314096
37868 0.0314527
30900 0.0314568
29032 0.0314894
17208 0.0316312
34348 0.0316354
2864 0.0316429
21965 0.0318411
41217 0.0319093
37881 0.0319139
23537 0.031982
37878 0.0319969
28195 0.032006
38242 0.0320663
2989 0.0320812
2310 0.0321774
24087 0.0322121
30897 0.0323271
22174 0.032338
17199 0.0323465
18130 0.0323771
28521 0.0324503
16211 0.0324547
36916 0.0325234
2367 0.0325648
5889 0.0326297
37876 0.0326708
40443 0.0326773
27130 0.0327059
28735 0.0328227
4762 0.0328284
18847 0.032894
24078 0.0332749
24891 0.0333187
36914 0.0333215
28157 0.0334268
23243 0.0334476
27740 0.0335039
1721 0.0335642
24106 0.0335674
23370 0.0336246
37873 0.0336661
23360 0.0337238
28247 0.0338938
10143 0.0339048
2369 0.0339224
28492 0.033934
22187 0.0339373
23987 0.0339549
37870 0.0340189
3276 0.0340444
23363 0.0340444
39407 0.0340887
18943 0.0341356
5901 0.034332
23570 0.0343988
25603 0.0344197
17210 0.0344232
8481 0.0344631
30796 0.0344646
34347 0.0345115
23565 0.0345373
23511 0.0345591
28182 0.0346348
9518 0.0346825
36816 0.0347136
37641 0.0347528
39182 0.0347962
1647 0.0348329
23552 0.0348846
28160 0.0348985
24076 0.0350019
24085 0.0350129
18869 0.0350971
28734 0.0350971
17780 0.035106
23559 0.0351775
9250 0.0352217
27813 0.035321
18872 0.0353548
30772 0.0354025
1648 0.0354533
24896 0.0354607
37831 0.0354876
28254 0.0355848
28536 0.0356542
2365 0.0356747
28287 0.0357211
37645 0.03573
20150 0.0357701
22180 0.0357994
18874 0.0358205
1649 0.0358338
27811 0.035877
32713 0.0359041
28290 0.0359341
9254 0.035949
24117 0.0359989
28032 0.0360825
24141 0.0360849
18344 0.0361041
8645 0.0361379
22184 0.0362475
9252 0.0365437
28154 0.0366036
28172 0.0366677
28175 0.0367918
27953 0.0368418
19481 0.0368575
13911 0.0370805
37665 0.0371043
17049 0.0371807
29104 0.0371982
2982 0.0372225
3037 0.0372225
27980 0.0372537
28618 0.0373316
24189 0.0373394
13182 0.0373751
1393 0.037383
8487 0.0373869
23567 0.0374193
5892 0.0374203
33894 0.0374847
34800 0.0374957
22177 0.0375401
27630 0.0375469
28205 0.0375909
39183 0.0377401
28258 0.0377424
1280 0.0377622
25215 0.0379927
13496 0.0380313
3060 0.0380708
17812 0.0380794
14453 0.0382523
28202 0.038278
22231 0.038297
14154 0.0383251
35667 0.0383291
23393 0.0383441
30767 0.0384034
1626 0.0384098
28292 0.0384263
37643 0.0384654
7298 0.0385129
35663 0.0385363
27955 0.0385733
28174 0.0385857
32256 0.038598
17062 0.0386731
39399 0.0387109
28513 0.0387364
18412 0.0387364
28184 0.0387735
1278 0.0388126
36220 0.0389574
18335 0.039156
28210 0.0392555
24134 0.0393489
1702 0.0393597
1736 0.0393708
32249 0.0394515
2860 0.0394722
2361 0.0396045
23592 0.0396376
28245 0.0396465
17975 0.0396537
28181 0.0396765
28235 0.0396821
23474 0.0396925
13500 0.0397524
27632 0.0400091
1284 0.0400227
2375 0.0401729
18380 0.0401929
27634 0.0402654
1630 0.0402921
5874 0.040434
28243 0.0404397
19703 0.0405258
18849 0.0405414
27733 0.040553
34331 0.0405852
1295 0.0406101
27959 0.0406298
27932 0.0406809
3921 0.0407728
28068 0.0407926
1737 0.0408267
2371 0.0408321
28213 0.0408585
18848 0.0409001
28177 0.0409431
3024 0.0409646
1275 0.0409766
28249 0.0409947
32667 0.0410248
27851 0.0410583
27771 0.0412215
23989 0.0412473
36464 0.0412509
27849 0.0412774
13539 0.0413376
30800 0.041377
10124 0.0414309
28501 0.0414643
27809 0.0414689
28737 0.0415496
19516 0.0415708
2378 0.0416137
28929 0.0416365
37668 0.041637
29098 0.0417247
16548 0.0417463
2358 0.0418137
28054 0.0418362
27957 0.0419199
28179 0.0421881
36904 0.0422236
28280 0.0422913
2859 0.0423052
28026 0.0423095
28277 0.0423645
28552 0.0425127
19775 0.0425897
8652 0.0426176
33901 0.0427239
22777 0.0427522
27754 0.0427941
23407 0.042861
19244 0.0429605
5223 0.0430057
28542 0.0430665
27920 0.043068
18940 0.0431633
10111 0.0431893
32676 0.0433019
28282 0.0433637
18852 0.0434929
34313 0.0437648
27977 0.0438567
15217 0.0438902
28057 0.0439028
1290 0.043944
19253 0.0440601
32251 0.0441549
27931 0.0442309
27978 0.0443901
28163 0.0444277
23542 0.0444459
28217 0.0446078
28427 0.0446192
27883 0.0447857
27975 0.0448306
32629 0.0448361
32255 0.0448689
27918 0.0449799
27900 0.0450083
28045 0.045138
24146 0.0452618
28283 0.0452641
28275 0.0453593
28285 0.0453643
37590 0.045365
18029 0.0454467
29029 0.0454713
8653 0.0456298
13204 0.0457735
18974 0.046029
35671 0.0461217
32254 0.0461269
16698 0.046205
14255 0.0462615
37674 0.0462853
34305 0.0463141
27847 0.0463408
39396 0.0464107
1285 0.0465058
7908 0.0465886
14240 0.0466425
28278 0.0468287
28472 0.0468299
719 0.0469266
27852 0.0469556
28705 0.0470509
27752 0.0471476
23403 0.0471915
13562 0.0472173
18363 0.0472416
18846 0.0472418
14456 0.0473443
28192 0.0474238
28465 0.0476915
8489 0.0477487
8834 0.0477552
13567 0.0477992
28483 0.0478074
13565 0.0478329
18934 0.0478833
19256 0.0479821
40589 0.0480922
32627 0.0482699
1288 0.0483033
28166 0.0483228
17815 0.0483492
28230 0.0483873
8087 0.0484045
13885 0.0484577
35675 0.0484588
10100 0.0484849
14538 0.0484956
34349 0.0485674
27750 0.0486352
28712 0.0488349
28024 0.04885
27952 0.0489909
19478 0.0490106
19247 0.0492305
2856 0.049258
5203 0.0493265
14723 0.0494248
5212 0.0494805
28707 0.0494932
24200 0.0495817
28071 0.0496836
37685 0.0497426
1433 0.0497507
30054 0.0498111
8655 0.0498219
27762 0.0498376
14457 0.0499057
14203 0.0499082
35574 0.0500618
14237 0.0501503
28050 0.05017
28220 0.0501917
27903 0.0503507
7861 0.0504029
28252 0.0504166
28273 0.05044
27888 0.0504844
22195 0.0505424
34311 0.0506073
18801 0.0507347
29168 0.0510216
28040 0.0511215
27760 0.0511517
28463 0.0511923
27768 0.0515371
14799 0.0515522
14830 0.051584
14570 0.0516073
24162 0.0517014
27985 0.051769
3918 0.0517826
27896 0.0518201
14201 0.0519327
27823 0.0519339
28018 0.0519561
28272 0.0519609
29128 0.0521141
25028 0.0522441
29125 0.0522764
27820 0.0523784
28469 0.0524943
17379 0.0525029
13944 0.0525213
19519 0.0525764
10085 0.0527511
27889 0.0527988
17979 0.0528397
8440 0.0528688
28739 0.052911
24863 0.0529868
27800 0.0530042
14534 0.0530431
28152 0.0531474
17068 0.0534108
16782 0.0535417
5798 0.0536476
10058 0.0537748
27898 0.0537817
22673 0.0537931
28480 0.0538011
27915 0.0541453
33896 0.05422
28004 0.0543048
14245 0.0543319
27807 0.0543557
28017 0.0543644
32666 0.054461
13880 0.0544733
27712 0.0544745
28467 0.0544961
34666 0.0545062
22197 0.0547213
27893 0.0547939
18407 0.0548673
27853 0.0548922
14233 0.0550103
27815 0.0554259
28732 0.0555766
27855 0.0557374
28267 0.0559357
27757 0.0560081
14564 0.0561607
27892 0.0563706
24183 0.05639
8852 0.0564494
28720 0.056759
27902 0.056786
27927 0.0570908
27925 0.0570966
24196 0.0571629
34350 0.057346
28238 0.0574038
27857 0.0574185
24188 0.0574346
28703 0.0574412
27764 0.0578014
13882 0.0578678
27766 0.0578733
24173 0.057959
14569 0.0579767
28240 0.0579881
28117 0.0580124
28264 0.0580864
5796 0.0581386
35570 0.0581995
27897 0.0583193
19802 0.0583878
28724 0.058645
28719 0.0588936
28266 0.0589581
28015 0.0591169
37679 0.0591358
28475 0.05928
13884 0.0593092
14438 0.0593927
14825 0.059511
28081 0.0597006
25021 0.0597481
27890 0.0598892
24158 0.0599328
27973 0.0600452
28460 0.0602192
25023 0.0604077
3901 0.0604745
34792 0.0606305
5794 0.0607707
35551 0.0612067
24184 0.0613869
14187 0.0614738
8637 0.0615827
28083 0.0615966
28012 0.0616079
27798 0.0617457
28717 0.0617805
8662 0.06193
18601 0.0624444
28722 0.0625344
14192 0.0626979
27843 0.0627321
8657 0.0628404
27901 0.0628538
28010 0.0628882
35733 0.0631636
28270 0.0631946
14729 0.0633249
36461 0.0635344
19795 0.0639074
25030 0.0639574
17973 0.0640354
27950 0.0641866
19242 0.0642454
34790 0.0643161
16682 0.0643308
28713 0.0644058
21263 0.0645943
28478 0.0646085
16332 0.0646827
34685 0.064703
28006 0.064721
19770 0.064728
34793 0.064729
24171 0.0647784
24169 0.0649525
28268 0.0649706
19251 0.0650961
18975 0.0652249
28002 0.0652509
14736 0.0653469
10070 0.0655997
28714 0.0657947
8659 0.0661561
27947 0.0662977
24198 0.0663032
28013 0.0666979
13978 0.066836
14189 0.0670282
27797 0.067497
28729 0.0674979
16345 0.0675402
14733 0.0676307
25026 0.0677928
28102 0.0678046
27858 0.0678179
24186 0.0678493
27987 0.0680686
28931 0.0681428
27970 0.0682936
28035 0.0683047
30802 0.0684787
27882 0.0686622
27967 0.0691677
28100 0.0692429
32952 0.0694201
18799 0.069546
34476 0.0696383
13064 0.070312
28715 0.070335
19249 0.0705231
14785 0.0706656
24167 0.0708539
27860 0.071217
22148 0.0714269
34779 0.0715498
27795 0.0717642
27904 0.0717906
17968 0.0720567
3915 0.0720671
28105 0.0720932
17822 0.0721701
18802 0.0722311
28008 0.0724599
13062 0.0725889
17820 0.0726308
10016 0.0726374
33018 0.0726529
22142 0.0730337
28103 0.0730865
19238 0.0730923
28085 0.0735451
14195 0.0735725
5282 0.0735805
27873 0.0736996
27697 0.0739468
22203 0.0740786
28115 0.0743051
25024 0.0744958
27910 0.0745329
27998 0.0745383
32948 0.0746595
17972 0.0749092
32668 0.0750891
14198 0.0751262
34775 0.0753554
27905 0.0754696
33030 0.0754789
28150 0.0756001
27891 0.0759847
19240 0.0763266
22140 0.0766925
22150 0.0767337
34690 0.0769481
5075 0.076998
27791 0.0775716
22147 0.0777189
27875 0.0777246
34688 0.0779112
27874 0.0784255
28133 0.0786916
32930 0.07871
14795 0.0789074
28143 0.0791644
25079 0.0796003
27694 0.0798767
32950 0.0800498
27710 0.080265
28107 0.0803452
3181 0.0804136
32876 0.0804412
34773 0.0812432
28934 0.0813117
27907 0.0815274
19324 0.0817949
32934 0.0820359
29107 0.0820923
17823 0.0824182
25080 0.0824894
30692 0.0826295
34683 0.0827472
22154 0.0829385
19317 0.083067
27872 0.0831547
27865 0.0832584
32664 0.0832697
27668 0.0833208
25118 0.0833523
28969 0.0834974
22143 0.0834997
18797 0.0837437
28730 0.0839738
34324 0.0839836
34778 0.0839974
28971 0.0847631
28132 0.0848486
22145 0.084914
34524 0.0849897
32932 0.0849932
34776 0.0851435
17970 0.0853071
29121 0.085352
14791 0.0854602
32669 0.0855047
28119 0.0858716
34521 0.0858972
34432 0.086003
27867 0.0860039
5095 0.0860436
27880 0.0865929
34691 0.0866331
28134 0.0867021
28138 0.086769
23415 0.0883426
34351 0.0887104
34686 0.0890175
14327 0.0891374
27698 0.0892111
28135 0.0892628
25083 0.0894085
17386 0.0894171
27908 0.0894412
22152 0.0898175
21632 0.0899156
28113 0.0902536
28087 0.0902974
27826 0.0903364
25018 0.0904809
19325 0.0905917
30693 0.0906446
10347 0.0907766
27661 0.0909568
25016 0.0909849
30881 0.0914458
28128 0.0914561
14506 0.091991
25113 0.0921729
27667 0.0922514
18786 0.0924408
25019 0.09293
32687 0.0932847
22138 0.0933599
27989 0.0934777
18844 0.0937511
28148 0.0937711
27878 0.0938108
25078 0.094269
19015 0.0947345
27877 0.0948631
1587 0.0949517
3192 0.0951726
28139 0.0951841
27662 0.0953858
21671 0.0954481
19319 0.0954959
13986 0.0955157
28936 0.0957433
25034 0.0958536
27868 0.0959601
18375 0.0960648
35576 0.0960838
25081 0.0960879
6374 0.0962156
14503 0.0963853
9816 0.0966455
34777 0.0966503
14508 0.0967577
27789 0.0970425
27793 0.0970719
27682 0.0971378
28140 0.0981183
28095 0.0982144
27876 0.0983633
27792 0.098603
36457 0.0986628
28137 0.0988273
28973 0.0992825
18025 0.0998245
28992 0.100435
28098 0.101344
28990 0.101351
32671 0.101401
18365 0.101574
19280 0.101653
32660 0.101743
27700 0.102226
28987 0.103184
25116 0.103614
8491 0.103662
27702 0.103665
34517 0.103731
27708 0.103814
27837 0.103937
32939 0.1043
28957 0.104308
18789 0.104526
16713 0.104786
27785 0.104786
21630 0.105502
32661 0.106254
34407 0.106292
28147 0.106736
24181 0.106741
14498 0.10679
28109 0.107294
27703 0.107573
34821 0.107907
28093 0.108299
25114 0.108741
27870 0.109112
28097 0.109921
32672 0.109978
32662 0.11011
27658 0.110133
28130 0.110234
32116 0.110794
30695 0.110935
34822 0.111257
28937 0.112605
25014 0.112767
16760 0.113056
22136 0.113232
14481 0.11338
28977 0.113887
28975 0.113919
27787 0.113936
14509 0.114071
28111 0.11414
27705 0.114658
25013 0.11482
18791 0.115264
3507 0.115313
28924 0.115852
28088 0.11607
25007 0.116167
28347 0.11645
25011 0.116471
34430 0.116559
28974 0.116584
27707 0.117969
25082 0.119089
34405 0.119175
16671 0.119404
25046 0.119747
28982 0.120101
34414 0.120419
25053 0.120598
25009 0.120907
25039 0.120923
39595 0.121358
39153 0.121816
28092 0.122653
28145 0.12316
25074 0.123264
4122 0.123849
25051 0.123863
27491 0.124347
2229 0.124625
28090 0.124769
25048 0.124775
18793 0.124885
34513 0.125276
3512 0.125304
14514 0.125587
25008 0.125632
25054 0.125643
25043 0.125947
17935 0.126019
27669 0.127663
28900 0.127956
28955 0.128183
21627 0.128188
28954 0.128504
25056 0.128744
25076 0.128872
25041 0.129224
18842 0.129545
34426 0.129631
25058 0.130082
25044 0.130231
14511 0.130783
27830 0.130801
28993 0.130851
27670 0.130866
27392 0.131562
25072 0.131932
27397 0.132367
14513 0.1325
25049 0.133921
27782 0.134215
18996 0.134278
27320 0.134801
28136 0.135677
34415 0.136359
35548 0.136839
36921 0.136903
28989 0.137014
17825 0.13777
35478 0.139252
30735 0.139665
27672 0.140248
28927 0.140711
3838 0.141859
27620 0.142282
34447 0.142744
15582 0.142785
28923 0.143583
32647 0.144703
28901 0.14489
28988 0.145656
32106 0.146387
28939 0.148279
34403 0.148859
34443 0.149198
27321 0.149724
28894 0.151867
34412 0.153075
28983 0.154857
28892 0.155168
18835 0.15583
27677 0.156634
28967 0.15753
28925 0.160249
24206 0.161185
27319 0.163095
27489 0.163769
28947 0.165072
30700 0.16609
27419 0.16664
27492 0.168044
27490 0.169023
18832 0.169765
35579 0.172113
28880 0.172558
34404 0.173759
34408 0.173907
28949 0.174761
18470 0.176576
32649 0.178692
32656 0.179187
35904 0.184797
27488 0.185419
28881 0.186872
27673 0.187306
27420 0.188321
17830 0.188569
34485 0.190961
27675 0.191203
28907 0.19376
15580 0.194131
27653 0.198874
27315 0.199536
28962 0.200811
38495 0.202619
22414 0.202694
27421 0.20423
29989 0.204626
22237 0.204778
28940 0.208166
32707 0.210136
7753 0.214576
13052 0.218922
30959 0.220211
27322 0.221179
28942 0.224859
28882 0.225787
28899 0.226104
208 0.227987
32701 0.229638
18480 0.235438
28945 0.237352
28965 0.239906
18477 0.244476
28944 0.246465
34488 0.24904
31108 0.24934
31100 0.252207
27324 0.253431
10370 0.259143
28895 0.263394
18497 0.264189
10367 0.272757
2231 0.279652
31110 0.280634
30701 0.285287
15576 0.292042
31102 0.294559
38498 0.295432
22413 0.298867
22411 0.315106
27486 0.330901
27317 0.336242
27316 0.341266
34783 0.362821
27483 0.368336
27484 0.378741
213 0.383361
28897 0.384626
36537 0.390432
27323 0.39709
11413 0.430304
11416 0.43879
11399 0.439889
11395 0.443528
11419 0.465451
4207 0.50478
30677 0.529613
30679 0.538334
38452 0.550358
38461 0.562503
36334 0.565168
11430 0.56856
30672 0.572738
38459 0.578661
36332 0.581401
36335 0.58237
4113 0.582827
38464 0.587931
11428 0.590636
30670 0.591453
38456 0.591996
38469 0.594573
38454 0.594731
4111 0.596864
30675 0.598342
36336 0.600003
30669 0.600128
30674 0.602405
38466 0.615566
36338 0.619079
