38819 0.197115
30098 0.208419
15351 0.208982
39551 0.209345
18611 0.209769
38679 0.212599
38832 0.215361
38300 0.215783
24198 0.217425
939 0.21874
5260 0.21874
38795 0.219193
38822 0.219387
38827 0.220207
24200 0.222154
3390 0.222628
41016 0.225657
3396 0.226381
41020 0.227414
31875 0.227585
38685 0.229629
31549 0.229725
21313 0.230373
228 0.230823
31527 0.230943
3393 0.231301
31512 0.231359
5536 0.231518
15355 0.231846
28851 0.232082
38813 0.232467
28381 0.233211
18626 0.234133
41010 0.234438
21320 0.234985
22060 0.23532
34197 0.235427
34201 0.235618
38304 0.235709
3207 0.235764
41023 0.23582
28388 0.23669
18674 0.236799
35927 0.237029
5534 0.237064
39396 0.237092
38696 0.237705
13944 0.239049
34171 0.239219
21338 0.239232
34187 0.239264
38797 0.239314
4235 0.239662
5421 0.240148
15348 0.240212
6887 0.240262
14448 0.240335
9916 0.240351
34196 0.240412
35088 0.240602
2181 0.240709
9491 0.240785
6173 0.240812
11615 0.24098
4653 0.241012
4936 0.241696
15345 0.242134
39578 0.242196
38787 0.242277
4489 0.242702
34189 0.242767
28438 0.242779
230 0.242871
4746 0.242878
17988 0.242959
38733 0.243152
35973 0.243844
41002 0.244776
26640 0.244935
25693 0.244952
38732 0.244984
29061 0.245047
34194 0.245616
37898 0.245661
35981 0.245707
17990 0.24571
4268 0.245933
10106 0.245952
885 0.246048
15438 0.246083
41030 0.246105
6573 0.246363
35942 0.246384
34186 0.246688
3383 0.246794
35087 0.24681
1539 0.246993
40960 0.247072
3209 0.247326
6160 0.247609
40913 0.247927
3322 0.24825
28282 0.248314
5046 0.248648
3458 0.249106
30475 0.249128
29015 0.249204
40809 0.249231
25518 0.24924
1420 0.249405
7612 0.249421
24900 0.249527
38250 0.249532
36844 0.249755
7613 0.24981
7610 0.249856
17992 0.24986
7313 0.249877
41082 0.250021
39195 0.250029
36887 0.250306
11920 0.250428
5874 0.25052
6865 0.250578
18247 0.250653
5586 0.250655
25990 0.25076
17993 0.251107
40563 0.251118
36875 0.251267
29749 0.251315
40963 0.251353
29132 0.251425
3563 0.251598
7298 0.251816
6870 0.251908
6857 0.252028
18245 0.252032
34192 0.252085
13596 0.252105
34205 0.252267
3566 0.252327
38807 0.252329
30894 0.252356
19351 0.252446
36853 0.252487
36892 0.252505
34206 0.25263
18249 0.252673
40567 0.252747
18258 0.252757
6577 0.252829
36847 0.253246
1677 0.253512
9311 0.253796
19519 0.25385
18252 0.253883
3561 0.254055
33506 0.254262
7608 0.254277
3368 0.254311
41435 0.254393
28529 0.254477
3559 0.254555
35090 0.254555
13598 0.254566
18229 0.254779
18129 0.254844
18255 0.254909
38249 0.254912
2170 0.255157
6562 0.255316
5250 0.255373
22145 0.255444
3397 0.25553
3319 0.255571
36841 0.255657
15370 0.255839
18243 0.255889
13600 0.255928
4243 0.256051
27164 0.256168
33495 0.256339
24328 0.256459
5199 0.256516
40160 0.256539
34191 0.256544
41100 0.256725
8516 0.256773
1525 0.257174
13605 0.257176
23740 0.257177
39768 0.2572
18240 0.257766
35079 0.257781
7947 0.257931
18260 0.257973
21345 0.258003
2173 0.258427
25235 0.258789
1648 0.258794
3553 0.258857
4659 0.258878
7628 0.258959
23122 0.258963
25646 0.258986
345 0.259
28730 0.259024
27110 0.259111
18598 0.259406
21938 0.259488
33668 0.259704
22033 0.259723
38699 0.259837
9266 0.25988
5273 0.259883
20167 0.25993
1647 0.259936
1688 0.259956
7938 0.26009
37227 0.260218
4249 0.260238
4933 0.260248
1675 0.260263
37440 0.260277
29959 0.260473
20659 0.260784
41211 0.260832
38305 0.260925
40940 0.261098
992 0.261115
19256 0.261239
20323 0.261295
14745 0.261452
3431 0.261531
25681 0.261604
15356 0.261643
2378 0.261667
27080 0.261765
38751 0.261803
7070 0.261846
3359 0.261911
31829 0.261921
24983 0.262568
37245 0.262576
38589 0.262592
29349 0.262665
18224 0.262689
4015 0.262694
15340 0.262736
40574 0.262808
12282 0.262876
7071 0.262986
18234 0.26299
40946 0.263027
31731 0.263193
29345 0.263221
28847 0.263465
29659 0.263576
38792 0.263793
38594 0.263829
18237 0.263884
31558 0.264018
15141 0.264057
31115 0.264228
40157 0.264329
5174 0.264381
34172 0.264389
38289 0.264541
19581 0.264694
33530 0.264859
27036 0.26506
19590 0.265219
38802 0.265243
40150 0.265336
19083 0.26562
3432 0.265846
40145 0.266109
6292 0.266309
13590 0.266321
33509 0.266613
26905 0.266742
38311 0.266782
7940 0.266882
40997 0.266992
34106 0.267013
40152 0.267043
5263 0.267085
40714 0.267135
13897 0.267207
40943 0.26723
17262 0.267236
38748 0.267259
4375 0.267315
2147 0.267324
15185 0.267494
31597 0.267505
891 0.267583
17997 0.267641
27605 0.267652
11571 0.267709
14785 0.267728
13740 0.267746
897 0.267752
22193 0.26783
3451 0.267848
3376 0.26799
3312 0.268032
40154 0.268131
35092 0.268281
40142 0.268427
3453 0.268573
1873 0.268606
26880 0.268627
7615 0.268759
5769 0.268949
3379 0.269061
17995 0.269305
7631 0.269327
38307 0.26952
39760 0.269682
7617 0.269702
21202 0.269803
38247 0.269851
17999 0.269889
38587 0.269946
38740 0.269958
39749 0.269986
22067 0.270035
1685 0.27005
11365 0.270055
19162 0.270184
7948 0.270186
2163 0.270278
6560 0.270469
2012 0.270653
25111 0.270883
32131 0.270936
22824 0.271008
36021 0.27101
21353 0.271034
234 0.2711
4072 0.271177
29716 0.271381
29195 0.271407
15360 0.27145
13767 0.271592
38804 0.271634
15955 0.271819
1728 0.271888
28739 0.27189
40674 0.271938
5771 0.27235
38734 0.2725
10385 0.272597
11574 0.272669
669 0.272778
1673 0.272889
7953 0.272935
29353 0.272951
5386 0.272996
5803 0.273152
38836 0.273443
39764 0.273532
3024 0.2736
7952 0.273756
13742 0.273875
4978 0.273915
19770 0.274074
15264 0.274291
11083 0.274477
14740 0.275044
22069 0.275052
13182 0.275068
17888 0.275169
38245 0.275281
675 0.27533
38800 0.275596
38321 0.275638
11141 0.275648
13775 0.275674
13757 0.275762
13737 0.275811
39454 0.276221
1930 0.276538
23149 0.276545
36052 0.276678
13760 0.276718
5300 0.276868
13745 0.277126
36044 0.277193
38604 0.277243
39755 0.277522
13769 0.277608
38737 0.277609
11174 0.2778
19355 0.278036
3326 0.278115
22074 0.278385
7551 0.278407
690 0.278447
4846 0.278599
14733 0.278668
26954 0.278737
33481 0.27898
40712 0.278987
2161 0.279022
18696 0.279077
33512 0.279267
7935 0.279329
29384 0.279511
13738 0.279535
13750 0.279738
40893 0.279847
323 0.27986
38290 0.279933
30991 0.280149
4441 0.28042
5306 0.280444
22071 0.280492
32130 0.28051
19089 0.280587
5159 0.280659
40830 0.280689
4844 0.281024
7619 0.281146
32340 0.281146
11090 0.281192
11095 0.281241
7929 0.281333
36805 0.281387
40678 0.28148
3434 0.281628
17998 0.281692
14154 0.281857
18002 0.28188
19843 0.282025
24300 0.282092
35215 0.282165
6278 0.282365
7621 0.2824
6041 0.282411
25887 0.282427
36050 0.282491
38528 0.282515
31757 0.282607
18000 0.282742
11098 0.28295
19569 0.283204
3518 0.283726
13770 0.284046
7566 0.284235
3515 0.284448
732 0.28446
8653 0.284574
33227 0.284582
5859 0.284631
11578 0.28484
17842 0.284899
7622 0.284972
39823 0.285091
7625 0.285178
38964 0.285306
1879 0.285424
41439 0.285638
17701 0.285958
7623 0.286041
11586 0.286068
1903 0.286392
6037 0.286398
39011 0.286452
5031 0.286672
38293 0.28673
11100 0.286871
35229 0.286881
15280 0.286911
7564 0.286938
32489 0.287007
13663 0.287067
11580 0.287094
30052 0.28717
38268 0.287244
13735 0.287515
7040 0.287564
37247 0.287627
3572 0.287664
31754 0.287846
33051 0.287861
14518 0.288009
4847 0.288423
3222 0.288508
3522 0.288598
34502 0.288653
692 0.288857
35675 0.289104
16985 0.289124
40710 0.289291
5234 0.28933
40681 0.289345
11585 0.2894
11070 0.289555
29435 0.28958
4617 0.289637
5253 0.289699
5402 0.289815
15268 0.289938
38702 0.290043
38260 0.290192
3346 0.290448
3512 0.290558
3223 0.291082
4811 0.291259
3448 0.291291
5422 0.291367
18003 0.291856
39257 0.292008
5279 0.292126
13681 0.292136
661 0.292303
38753 0.292565
38265 0.292569
19361 0.292588
11583 0.2929
11061 0.292949
40388 0.293048
33489 0.293072
38272 0.293248
7567 0.29342
40378 0.293867
5084 0.29402
7844 0.294135
25400 0.294137
38314 0.294607
327 0.294706
11101 0.294735
13733 0.294753
32197 0.294773
19107 0.29481
33515 0.294817
3776 0.295086
11121 0.295193
37436 0.295291
4849 0.295361
4854 0.295396
11239 0.295657
12459 0.295657
31752 0.296039
17854 0.296298
29510 0.29636
25181 0.296789
33610 0.297072
18029 0.297095
14540 0.297567
34150 0.297656
7077 0.297731
3224 0.298154
11103 0.298245
4452 0.298401
38841 0.298444
3507 0.298453
2557 0.298503
1868 0.298562
11193 0.298591
26117 0.298693
2398 0.298762
11124 0.299074
39793 0.299147
31750 0.29915
39938 0.299561
5901 0.299668
6408 0.299814
17856 0.29982
25397 0.299974
14266 0.300096
3226 0.300138
38495 0.300361
7605 0.300581
2671 0.300613
21208 0.30068
19125 0.300766
24781 0.301036
34174 0.301269
17500 0.301416
8922 0.301435
19112 0.301922
35684 0.302044
1854 0.302076
4850 0.302234
38862 0.302243
15603 0.302557
41413 0.302595
4621 0.302739
4903 0.302816
17487 0.302868
34249 0.303126
15420 0.303224
35679 0.303525
7054 0.304011
539 0.304151
4852 0.304506
5403 0.304616
9146 0.304652
38572 0.304895
19072 0.305131
2602 0.305178
4851 0.305419
10647 0.305448
3400 0.305463
39582 0.30557
40707 0.305573
2575 0.305731
4856 0.30582
36916 0.305874
31768 0.306043
32428 0.306094
14538 0.306361
3344 0.306364
31800 0.307292
13277 0.307397
11128 0.307625
38780 0.307757
11126 0.307968
7568 0.307978
17484 0.308149
11115 0.308434
14054 0.308562
4614 0.309198
12288 0.309244
38583 0.309529
30934 0.310087
6497 0.310192
4842 0.310613
23863 0.310692
36429 0.31173
40683 0.311879
357 0.311985
41411 0.312499
3227 0.312663
15980 0.312717
33421 0.3131
11105 0.31314
10898 0.313256
34914 0.313509
7633 0.313603
17481 0.313985
17494 0.314059
3446 0.315192
38755 0.315716
34176 0.315792
3229 0.315872
11753 0.315941
10897 0.315986
36381 0.316276
17498 0.316553
2628 0.316768
21122 0.317082
7576 0.317243
6495 0.317278
11106 0.317357
32088 0.317368
31803 0.31741
23581 0.317703
7832 0.317766
9557 0.318165
32007 0.318195
17496 0.318772
28836 0.318816
647 0.319515
38757 0.320086
8074 0.320274
6498 0.320297
5268 0.320584
17844 0.320958
36426 0.321173
10193 0.321216
32087 0.321462
19023 0.321537
3542 0.321616
12296 0.321628
17468 0.321871
655 0.321932
38774 0.321955
34181 0.322204
40685 0.322243
31134 0.322273
11568 0.322497
13986 0.322725
651 0.323002
36635 0.32317
34179 0.323651
313 0.323967
3443 0.325081
39296 0.325136
24783 0.325271
2697 0.325363
8121 0.325478
4409 0.325836
34177 0.325896
9356 0.326067
23179 0.326275
36441 0.326311
17473 0.326463
10893 0.326516
38764 0.326546
20760 0.326594
10963 0.326834
6493 0.326863
36226 0.32697
18566 0.327549
10717 0.327664
4405 0.328765
7572 0.328891
37249 0.3292
33257 0.329343
5938 0.329465
3153 0.329517
22092 0.329836
6685 0.330599
27349 0.3306
4553 0.330622
38560 0.330664
5267 0.330687
8091 0.330751
28832 0.330761
3402 0.331029
36779 0.331048
10257 0.331166
7093 0.331342
11777 0.331391
24785 0.331468
38187 0.331952
17477 0.332077
6491 0.332163
36475 0.333285
10892 0.333291
38553 0.333305
38580 0.333351
27354 0.333767
9679 0.334069
34387 0.334345
24788 0.335363
4555 0.33542
36431 0.336033
27367 0.336347
574 0.336448
19614 0.336591
20904 0.336604
36768 0.337375
27369 0.337448
27370 0.337559
19006 0.337672
32721 0.337843
22077 0.337919
2614 0.338117
603 0.338927
21265 0.33898
38185 0.33937
36432 0.339482
1458 0.339576
38624 0.340695
14516 0.340935
31808 0.340999
11566 0.341387
3215 0.341722
10890 0.342098
10888 0.342194
3695 0.342556
37454 0.342694
308 0.342828
413 0.343106
27355 0.343269
240 0.343559
31812 0.344751
3419 0.345214
6489 0.345858
25389 0.346544
10815 0.346558
10983 0.346952
10889 0.347495
10887 0.347553
30252 0.347553
7635 0.34817
15605 0.348284
3163 0.352181
10949 0.352198
10979 0.352214
410 0.352654
27486 0.352732
4812 0.352994
31275 0.353131
41219 0.353448
3417 0.353614
1843 0.353711
37419 0.35373
38337 0.353821
32451 0.353927
3961 0.354399
27365 0.354998
28827 0.35561
21882 0.355645
33081 0.355779
36391 0.356424
10885 0.356676
24786 0.357373
4286 0.357501
4859 0.357517
27359 0.358039
7601 0.358298
8376 0.359289
35589 0.360144
8072 0.360576
27363 0.360745
32466 0.361025
15647 0.361426
10811 0.361519
24811 0.361562
8977 0.362262
27380 0.362642
20670 0.362852
27379 0.363162
6377 0.36365
30216 0.363893
10808 0.364067
36061 0.364323
34612 0.364408
4359 0.364467
37337 0.36448
36434 0.364485
245 0.365398
3405 0.366133
27361 0.366264
21991 0.366286
25422 0.366354
405 0.367733
10873 0.368502
6483 0.368656
39634 0.369167
10805 0.369766
27364 0.370182
25387 0.37029
39632 0.370951
429 0.371119
21267 0.371749
22850 0.372472
41372 0.372759
4834 0.373261
27374 0.373459
26328 0.374429
3692 0.374679
28914 0.374816
23254 0.37524
6487 0.375574
10882 0.37599
23216 0.37649
22673 0.377378
10878 0.377429
23758 0.377714
27334 0.37792
403 0.377999
10883 0.378112
28912 0.378437
32701 0.378652
41331 0.378726
36172 0.379364
7637 0.380076
36437 0.380231
4836 0.380512
9696 0.381691
36174 0.381753
8400 0.381771
39631 0.381985
7800 0.382495
21129 0.383058
8409 0.384255
27404 0.384451
27320 0.384454
8405 0.384675
8412 0.386309
12995 0.38939
3976 0.392271
37360 0.393054
8397 0.393205
1831 0.393425
3966 0.394087
9798 0.394433
10360 0.394474
3963 0.396061
363 0.397113
18474 0.397117
41378 0.397646
7587 0.397846
37369 0.398832
3965 0.399228
41373 0.40098
7591 0.401114
8070 0.401355
8416 0.403009
25385 0.403848
22661 0.40452
30713 0.408455
8403 0.409147
21063 0.412314
4817 0.412414
25558 0.412623
8145 0.41321
37381 0.413381
10869 0.413974
26286 0.414148
3968 0.415866
8068 0.41742
27332 0.418336
25383 0.419874
447 0.420474
26292 0.420686
3689 0.421219
30712 0.421262
2519 0.421391
3698 0.422087
30590 0.423242
19410 0.423733
31302 0.424045
189 0.424086
39637 0.425794
10831 0.426358
20275 0.430843
21275 0.432466
38340 0.433008
35469 0.434549
8097 0.435066
8063 0.436512
4821 0.438086
41388 0.438306
13008 0.438615
13011 0.439802
41379 0.440138
2469 0.440227
27325 0.442201
4610 0.442451
28907 0.442465
37500 0.443021
24647 0.444165
8065 0.444372
37388 0.446079
21273 0.446235
8419 0.446405
25381 0.447401
15465 0.447619
41282 0.447701
7640 0.447897
7638 0.448432
3970 0.448799
14609 0.448851
15552 0.449082
41283 0.45136
26295 0.453162
37393 0.453203
24723 0.453466
7999 0.455677
41383 0.45621
21277 0.45627
27330 0.457256
21279 0.457883
30597 0.458047
10847 0.458072
4823 0.460264
10849 0.460992
15574 0.461562
8099 0.462004
10846 0.462885
10852 0.464005
10851 0.464281
4829 0.464683
12163 0.465496
22474 0.466514
19448 0.467702
23791 0.469371
23816 0.469383
24746 0.470407
19451 0.47119
8732 0.471891
2477 0.472499
4608 0.47354
7642 0.473608
10854 0.474873
12162 0.474974
25378 0.474997
8386 0.475716
10836 0.476472
31317 0.476726
10861 0.477109
30601 0.479716
10845 0.480009
30615 0.480177
4882 0.480247
1811 0.481244
12167 0.481434
9803 0.481499
12168 0.481862
4826 0.482156
22214 0.483053
27329 0.483286
3731 0.483526
28908 0.483642
248 0.483977
10837 0.485838
12158 0.486069
10856 0.486919
8100 0.487099
39639 0.487719
13018 0.488165
41249 0.488356
15470 0.48842
3687 0.489545
30619 0.489681
37005 0.490064
30605 0.491169
24726 0.491905
30609 0.492202
12172 0.492293
30613 0.492449
10843 0.493909
3701 0.494352
10857 0.494759
12157 0.494808
12149 0.494907
41389 0.495072
10839 0.496742
41384 0.497004
10841 0.498711
30611 0.49974
41398 0.501327
36595 0.503154
24274 0.503459
12153 0.503837
10859 0.508613
12173 0.508969
8102 0.50917
24728 0.51237
8664 0.512571
24731 0.512897
3118 0.514555
24733 0.515201
24729 0.515264
24739 0.515364
12208 0.516363
12152 0.51667
4583 0.516712
40357 0.519826
23766 0.520169
4585 0.521404
11733 0.52243
25373 0.522762
4606 0.524201
13022 0.525769
30624 0.526752
12175 0.528594
12193 0.528994
39649 0.529475
3685 0.529738
24734 0.533218
12178 0.533234
4588 0.533466
252 0.534128
12177 0.534563
8014 0.534663
12192 0.53629
12195 0.53809
4570 0.538891
4593 0.538979
22878 0.539997
13041 0.540313
8007 0.540353
25371 0.543617
12190 0.544252
39642 0.546316
12197 0.546605
12180 0.547534
12188 0.548757
4590 0.550667
15509 0.55168
15507 0.552576
12198 0.552859
38430 0.554046
4595 0.556347
12187 0.55637
12897 0.556935
12182 0.55953
15503 0.560267
20567 0.561447
12894 0.561831
12184 0.562871
39645 0.562968
15510 0.564359
15498 0.564371
12200 0.564383
15537 0.565645
12186 0.5659
15512 0.568623
4151 0.570424
13039 0.57049
8017 0.570569
4580 0.571204
8018 0.572342
25340 0.572614
15502 0.57294
3990 0.57341
8015 0.576978
12202 0.579457
47 0.580676
26312 0.584829
15535 0.585687
25368 0.586026
15533 0.586198
4604 0.586777
26308 0.587759
4197 0.587834
15530 0.588181
15532 0.589985
26310 0.590807
3703 0.591968
30670 0.594033
26314 0.594524
4597 0.596702
15517 0.597476
8033 0.599723
34363 0.600113
15527 0.601586
36260 0.601618
1797 0.601645
12204 0.60203
26317 0.602786
7685 0.603469
15522 0.60714
12678 0.608934
8035 0.609207
7738 0.610977
11522 0.612437
8032 0.617502
22252 0.62267
26316 0.62699
8037 0.629265
22248 0.630402
8028 0.633892
4577 0.638933
50 0.639165
4603 0.639425
8020 0.646352
4156 0.647807
8027 0.653031
8042 0.654175
4598 0.655793
8038 0.656981
4159 0.660798
3682 0.662766
4161 0.671918
8023 0.672808
8688 0.673562
3706 0.677381
21485 0.679341
4599 0.688412
4162 0.689656
40350 0.691463
88 0.692506
83 0.692584
4601 0.697718
128 0.702135
22253 0.703527
92 0.706295
8678 0.709544
8182 0.710871
130 0.711805
4091 0.71551
132 0.715672
94 0.72891
20557 0.731367
22358 0.736631
97 0.744829
99 0.745653
3680 0.747586
101 0.759867
3709 0.760625
22917 0.761277
40339 0.761499
7722 0.762503
103 0.773562
105 0.782523
109 0.793275
22258 0.794891
7727 0.795128
3676 0.795523
3674 0.797456
170 0.798167
111 0.799735
3672 0.803387
3677 0.807206
3678 0.810214
22272 0.8154
143 0.819342
3670 0.823152
3712 0.832548
3668 0.837184
22263 0.841553
3665 0.846781
22268 0.84791
3662 0.864285
152 0.865604
22286 0.868804
3658 0.884483
