118711 0.0192701
118712 0.0204982
118710 0.0207582
47116 0.0209014
35191 0.0214418
118713 0.0218882
4560 0.0219667
35186 0.0221815
31425 0.0223995
60916 0.0226051
101437 0.0226562
4561 0.0228027
101429 0.0228943
47914 0.0229041
4562 0.0230462
16440 0.0230938
101430 0.0231439
118659 0.0232373
78690 0.0234245
47916 0.02362
61468 0.0236227
1880 0.0238446
118714 0.0238734
101427 0.0238816
512 0.0238869
27166 0.0239432
27163 0.0240383
27164 0.024106
118661 0.0241708
8449 0.0242327
42795 0.0244001
119984 0.0244039
27162 0.0244129
27434 0.0245308
27249 0.0245344
8447 0.0245536
102516 0.0246272
119985 0.0246789
60921 0.0247105
124830 0.0247174
118662 0.0247181
60924 0.0247628
31438 0.0247682
518 0.024965
127904 0.0250072
47908 0.0252368
99366 0.0252435
48050 0.0252589
47156 0.025265
47129 0.025281
127900 0.025303
99361 0.0253661
124864 0.0253981
8451 0.0255556
34500 0.0255689
16443 0.0256142
103038 0.025656
101434 0.0256668
99716 0.0257589
4559 0.0257786
21598 0.0258168
101432 0.0258403
84991 0.0258459
7319 0.0258545
118663 0.0258567
49858 0.0258605
49855 0.025871
100174 0.0258805
35178 0.0258869
49861 0.0259318
7316 0.0259445
61473 0.0259802
103039 0.026019
35170 0.0260254
31405 0.0260372
1871 0.026065
99363 0.0260717
46590 0.0260949
88208 0.026097
31464 0.0261049
20367 0.0261903
8130 0.0262038
41503 0.0262078
61161 0.0262615
47163 0.0263192
127894 0.0263264
121068 0.0263434
8127 0.0263539
61479 0.0263598
1872 0.0263759
125574 0.0263768
87571 0.0263835
34649 0.0263931
35102 0.02644
99721 0.0264575
31445 0.0264813
83724 0.026484
99718 0.0264865
7333 0.0264865
47111 0.026499
489 0.0265102
7330 0.0265132
118667 0.0265303
42799 0.0265792
465 0.0265932
48129 0.0266185
88212 0.0266695
464 0.0266711
86161 0.0266872
88204 0.0266986
84992 0.0267109
31145 0.0267122
61163 0.0267263
127881 0.0267308
51071 0.0267396
61162 0.026809
103190 0.0268258
7336 0.0268384
97020 0.0268742
31408 0.0268889
127859 0.0270391
9048 0.02705
118665 0.0270503
118715 0.027052
47904 0.0270949
87570 0.027108
468 0.0271373
466 0.0271473
61485 0.0271479
72020 0.0271515
27429 0.0271719
51060 0.0271923
27436 0.0272164
31461 0.0272203
481 0.0272563
99382 0.0273054
476 0.0273128
47905 0.027339
1877 0.0273545
78689 0.0273623
1878 0.027388
31418 0.0274297
48054 0.0274495
31455 0.027464
31358 0.0275161
84990 0.0275348
43210 0.0275624
42803 0.0275754
31475 0.0276048
463 0.0276299
8445 0.0276354
47932 0.0276599
125576 0.0276652
125575 0.027679
8126 0.0276815
48133 0.0276871
124865 0.027706
99384 0.0277444
61476 0.0277632
122826 0.0277805
478 0.0278504
484 0.0278529
126712 0.0278635
48262 0.0279065
123644 0.0279247
99369 0.0279296
84993 0.0279336
83728 0.0279392
61164 0.0279566
1874 0.0279734
48148 0.0280083
1875 0.0280087
87564 0.0280182
9045 0.0280278
124548 0.0280997
86162 0.0281116
12915 0.0281245
124854 0.0281275
467 0.0281705
365 0.0281997
47944 0.0282028
99379 0.0282253
31362 0.0282368
126709 0.0283254
127868 0.0283885
31129 0.0283976
125577 0.0284236
360 0.0284615
61166 0.0284757
83726 0.0285056
100171 0.0286437
125603 0.028681
17637 0.028683
47736 0.0286862
125582 0.0287125
99374 0.0287267
470 0.0287876
119986 0.0287888
47872 0.0288416
31355 0.0288863
474 0.0288887
17638 0.0289415
126707 0.0289608
127869 0.0289747
124844 0.0290251
17636 0.0290368
100168 0.0290723
126717 0.0290792
31472 0.0291848
41481 0.0292016
60932 0.0292692
31132 0.0292779
12913 0.029293
47877 0.0293313
100169 0.0293832
16489 0.0294201
126714 0.0294577
47929 0.0294608
31150 0.0295078
125578 0.029545
31469 0.029562
49571 0.0295737
128192 0.0295795
123643 0.0296331
127920 0.0296523
60912 0.0296764
97015 0.0297835
31326 0.0297968
121375 0.0298807
8456 0.029883
41501 0.0299059
16449 0.0299271
8444 0.0299531
111278 0.029985
94339 0.0300028
47889 0.0301575
27418 0.0301827
121373 0.030183
86160 0.0302182
31183 0.0303722
46593 0.030435
47134 0.0304361
121374 0.030448
43072 0.030475
41463 0.0305198
27414 0.0305415
6156 0.0305806
47880 0.030621
9050 0.0306217
99726 0.0306701
34653 0.0307411
8453 0.030745
31366 0.030773
86163 0.0309051
93616 0.03091
96957 0.0309826
17635 0.0310459
121376 0.0311402
125601 0.0311838
20568 0.0311917
119999 0.0312291
87733 0.0313529
48118 0.0313657
34053 0.0314468
87736 0.0314751
20566 0.0314986
72021 0.0315081
60909 0.0315131
124851 0.0315234
47942 0.0315282
47081 0.0315287
46584 0.031563
60874 0.0315641
121377 0.0315707
47073 0.0316335
13824 0.0316567
31141 0.0316617
47076 0.0316941
46581 0.0317178
47077 0.031736
47895 0.0318484
47920 0.0318704
12910 0.0318739
45608 0.0319014
127818 0.0319156
126705 0.032026
13821 0.0321352
124847 0.0321931
31328 0.0322713
48056 0.0322718
125595 0.0323974
31126 0.0325398
46580 0.0325617
119987 0.0326136
122829 0.0326501
127836 0.0326502
27423 0.0326942
16509 0.0327053
27409 0.0327189
47886 0.0327274
31162 0.0328119
16497 0.0328148
47147 0.0328307
83732 0.0328453
72026 0.0328497
61183 0.0328643
60844 0.0328879
100577 0.0329692
86171 0.032972
16507 0.0329728
48086 0.0330736
31136 0.0330903
45603 0.033124
60854 0.0331657
96997 0.0331977
16505 0.033251
75730 0.0333802
17639 0.0333878
128193 0.0334039
60889 0.0334306
87577 0.0334652
31195 0.0335302
12335 0.0335741
5224 0.0335915
118716 0.0336419
93614 0.0337013
16502 0.033727
92663 0.0338056
86169 0.0338162
31155 0.0338347
13261 0.0338845
27425 0.033938
5225 0.033958
100576 0.0339677
86165 0.0340142
13822 0.034036
31324 0.0340634
60907 0.0340782
72023 0.034114
47095 0.0341305
60904 0.0342565
5226 0.0342602
60902 0.0343121
48076 0.0343689
23231 0.0344326
47927 0.0345335
93294 0.0346003
5227 0.0346183
47144 0.0346203
13258 0.0346401
31176 0.034681
127906 0.0347273
48096 0.0347306
47923 0.0347337
5229 0.0347577
5228 0.034803
43070 0.0348985
127907 0.0349449
31167 0.0349661
127830 0.0350169
31124 0.0350504
17640 0.0350785
91535 0.0351005
47925 0.0351049
91533 0.0351249
119988 0.0351697
5233 0.0351883
5230 0.0351896
5232 0.0352007
60906 0.0352051
5231 0.0352551
13826 0.0352721
91531 0.0352904
43030 0.0353193
31352 0.0354274
111476 0.0356371
93652 0.0356543
13265 0.0357895
31347 0.0358242
61185 0.0358489
87581 0.0358675
61209 0.0358967
93293 0.0359511
97012 0.0359717
87707 0.0359946
72028 0.0360303
31189 0.0360443
48073 0.0361571
87573 0.0362177
31341 0.0363165
119998 0.0363398
31335 0.0363987
31377 0.0365128
41500 0.0365675
61188 0.0366172
12331 0.0366364
12906 0.0366383
93292 0.0367079
100588 0.0368224
92660 0.0368289
97003 0.0368337
118717 0.0368885
43027 0.0371001
48064 0.0371348
11500 0.0372348
122817 0.0372529
17641 0.0372647
119991 0.037342
13836 0.0374033
87579 0.0375276
61193 0.0376949
119989 0.0377974
60765 0.0378065
41493 0.0379734
83735 0.0381745
93291 0.0382342
13269 0.0382353
31381 0.0383181
119997 0.0383385
29060 0.0383434
46594 0.0384351
119990 0.0384883
43056 0.0385947
95512 0.038621
95509 0.0387545
43053 0.0388438
92657 0.0388621
119995 0.0388755
118718 0.0389341
17634 0.0389482
29416 0.039096
100578 0.0393338
16082 0.0394601
31379 0.0394968
60831 0.039566
119996 0.0396223
31172 0.0396419
119994 0.0396778
43065 0.0396983
111472 0.0397079
111475 0.0398481
31370 0.0398686
43060 0.0399201
16080 0.0399718
100580 0.0401909
31373 0.040209
31375 0.040213
100583 0.040269
92654 0.0404153
41490 0.040438
60776 0.0405389
119993 0.0405476
101023 0.0406244
93290 0.0406556
87575 0.0407236
76845 0.0408305
93654 0.0409032
95506 0.0409215
29063 0.0410085
118719 0.0411414
97009 0.0413306
101020 0.0414575
92651 0.0417133
13842 0.0419706
97006 0.0419858
93607 0.0421902
6162 0.0423057
103255 0.0424069
72037 0.0424147
45598 0.0424331
92648 0.042461
43037 0.0426635
127817 0.0427997
60768 0.0428268
103261 0.0429492
119280 0.0433855
119278 0.0434234
29423 0.0434428
93289 0.0434446
83750 0.0434565
10500 0.0434794
60771 0.0437654
72042 0.0437894
73672 0.0438488
92645 0.0438594
72030 0.0438884
659 0.0440706
93608 0.0443514
111390 0.0443852
93612 0.0446854
72033 0.0450384
43042 0.0454008
111474 0.0457351
17633 0.0457612
93288 0.0459213
10512 0.0461574
32367 0.0464027
83738 0.0469411
75646 0.0469963
103259 0.0471935
8575 0.0472173
73666 0.0474232
111383 0.0478027
111388 0.047872
32369 0.0481315
93287 0.0481485
119277 0.0482176
95504 0.0482662
111378 0.048337
53268 0.0484781
80667 0.0484893
119275 0.0486909
32371 0.0488073
45594 0.0488629
111386 0.0490618
103252 0.0490911
17632 0.0495107
73152 0.0496291
73677 0.0496895
98211 0.0499112
10514 0.0500358
93286 0.0500844
83744 0.0505034
93679 0.0506804
32365 0.0508832
93285 0.0512509
17631 0.0513083
45590 0.051449
45592 0.0518543
66509 0.0524642
17624 0.0528871
17615 0.0529807
86954 0.0530154
10517 0.0534452
53269 0.0535978
10522 0.0538382
66496 0.0541684
35351 0.0542519
9106 0.054271
75652 0.0543145
43020 0.0543445
66487 0.0544536
98231 0.0546952
93483 0.0547287
32363 0.0547354
10519 0.0549344
8572 0.0551392
103264 0.0552744
10524 0.0554028
86923 0.0555064
32351 0.0555673
126754 0.0555773
80664 0.0558846
17320 0.0562189
86921 0.0562814
17608 0.0564642
10498 0.0565728
73681 0.0566735
32348 0.0571797
32361 0.0572396
93482 0.0575366
34373 0.0576465
17601 0.0577766
75750 0.0580807
93682 0.0583094
86925 0.0585731
21590 0.0590474
31515 0.0590844
35354 0.0592101
10495 0.0597596
9108 0.0598133
31517 0.0610057
660 0.0612267
103267 0.0619027
75667 0.0620258
86952 0.0620743
9125 0.0624212
32339 0.0627555
103275 0.0629478
93481 0.0632264
103277 0.0634315
9135 0.063436
93702 0.0638772
38596 0.0640338
9097 0.06413
75655 0.0641644
93685 0.06427
8570 0.0643221
35357 0.0643739
103279 0.0647694
86927 0.0649876
103273 0.0655181
75759 0.0660546
73662 0.0666695
75663 0.0667631
40086 0.0673555
93700 0.0674114
9131 0.0674849
36087 0.0675204
98070 0.0678019
36092 0.0678454
75670 0.0678595
128852 0.0679994
93688 0.0685567
93394 0.0686211
75657 0.0687319
75676 0.0688846
93396 0.0689204
32304 0.0689558
93691 0.0691349
75785 0.0692342
98068 0.0692624
47017 0.0694781
73654 0.0695032
93399 0.0695705
31519 0.0697085
93400 0.0698911
93398 0.0700479
10493 0.0701023
73638 0.0703271
126756 0.0704579
93694 0.0708135
75659 0.0708503
47013 0.0709239
93401 0.0709783
93402 0.0714384
75672 0.0716681
93403 0.071973
88685 0.0721673
73648 0.0722637
73160 0.0723263
25112 0.072349
93698 0.0725961
86950 0.0726694
16074 0.0728492
73644 0.0733912
93696 0.0734443
25091 0.0742726
126962 0.0742957
35360 0.0743435
36097 0.0744529
88686 0.0746482
88684 0.074692
89492 0.0755986
73635 0.0764982
10491 0.0765752
86929 0.0767142
93404 0.0769911
122006 0.0772987
661 0.077441
88683 0.0777687
88687 0.0778061
31521 0.0778683
35387 0.0778852
9095 0.0781459
8888 0.0787186
128849 0.0805303
122014 0.0809998
8899 0.0817569
31524 0.0818377
21600 0.0821759
1979 0.0823335
86948 0.0823738
122022 0.0824903
89399 0.0829329
126757 0.083177
8912 0.0836183
8905 0.0839393
122016 0.0841283
11432 0.0844292
73632 0.0845955
35385 0.0848042
9934 0.0850296
89397 0.085214
121876 0.0854482
16072 0.0855762
35608 0.0858485
86933 0.0859556
88682 0.0860664
8915 0.0863296
16070 0.0864234
35363 0.0866677
8909 0.0866761
93487 0.0874347
693 0.0874722
35609 0.0874726
89395 0.0875261
8919 0.0882418
93486 0.0888026
16067 0.0889363
86942 0.0889619
47317 0.0889701
48844 0.089115
8942 0.0895092
47316 0.0897593
92033 0.0902025
89487 0.0902152
36099 0.0902505
88680 0.0905082
122012 0.090611
662 0.0906836
89402 0.0909801
86945 0.0911615
35383 0.0912884
47318 0.0913474
87276 0.0913677
93485 0.0915696
8943 0.0919132
91423 0.0919274
92036 0.0919283
86936 0.0920296
47319 0.0922177
73629 0.0923479
8940 0.0924913
47315 0.0927498
89393 0.0928352
1976 0.09338
86939 0.0935492
92028 0.0938316
35366 0.0944094
88675 0.0944891
92039 0.094509
8928 0.0948587
22984 0.0950209
688 0.0951397
128846 0.0952449
16871 0.0952903
92066 0.0958831
88678 0.0965906
47320 0.0968806
92069 0.0969358
93484 0.0971948
10691 0.097841
93480 0.0978585
88654 0.0980425
47314 0.0980806
122009 0.0991379
92063 0.0995503
1972 0.0997694
682 0.0999743
91425 0.100237
664 0.100267
89405 0.100757
35381 0.100845
48847 0.10131
9085 0.101481
35369 0.101534
667 0.101994
674 0.102089
92072 0.102286
47321 0.10229
93443 0.102652
9093 0.103446
21785 0.103738
93444 0.103803
23976 0.103853
8945 0.104174
92075 0.104192
92042 0.1042
121881 0.105004
93445 0.105051
89482 0.105203
122003 0.105373
16866 0.10544
48850 0.105805
22977 0.106099
47313 0.107073
93446 0.107106
93488 0.107595
88652 0.107629
47322 0.108051
35372 0.108069
10690 0.108276
93447 0.108289
73626 0.108638
9090 0.108648
92060 0.108837
21789 0.108937
89408 0.109198
92078 0.109449
35379 0.109801
92023 0.110228
93448 0.111067
92098 0.11109
121890 0.112132
89473 0.112752
89477 0.113236
35375 0.113641
35377 0.113997
91427 0.11402
9081 0.114307
92096 0.115331
92046 0.116565
47312 0.116838
121884 0.117128
22969 0.117465
90610 0.117556
121879 0.118066
10689 0.118137
90601 0.118301
87865 0.118666
89470 0.118667
92057 0.119485
92081 0.120154
21585 0.120756
24290 0.121023
90595 0.121301
48853 0.121637
121998 0.122206
21782 0.122577
92050 0.123804
24287 0.124947
93449 0.125562
11428 0.125644
91429 0.12599
24275 0.126216
93493 0.126249
92054 0.126355
93494 0.126775
10688 0.126926
10925 0.127491
73623 0.1284
47311 0.128703
92094 0.129691
24238 0.130198
24292 0.130255
92084 0.131088
24271 0.133031
91431 0.133064
24269 0.133853
93450 0.134521
47306 0.135111
88647 0.135156
22963 0.136894
93479 0.137727
121888 0.137853
48858 0.139574
87870 0.139765
48864 0.140324
10920 0.140417
47310 0.140477
73620 0.141176
24294 0.141838
48886 0.143097
92086 0.143538
10924 0.143932
24267 0.14454
47307 0.145627
22658 0.147674
24296 0.148271
48874 0.14844
23978 0.148978
47309 0.149311
92092 0.149314
47308 0.150504
21602 0.150648
24241 0.151545
11426 0.151678
10923 0.151727
24887 0.152803
88623 0.153497
48892 0.153625
24310 0.154552
73617 0.154979
24298 0.155368
92088 0.155451
10926 0.157329
24312 0.1587
15379 0.158903
44390 0.159723
15364 0.161364
24300 0.161368
44385 0.162878
92090 0.163241
24311 0.163925
24265 0.164324
46319 0.165423
24308 0.165997
24302 0.166384
8533 0.166448
15376 0.167958
24826 0.16849
87875 0.169341
24244 0.170191
24306 0.170509
24304 0.170616
88613 0.17093
93489 0.17136
93441 0.171442
93478 0.171736
93491 0.17186
44378 0.172177
11424 0.172662
21779 0.172939
15367 0.172993
93490 0.173433
24262 0.174198
15370 0.176061
93451 0.176493
8527 0.177324
8523 0.179655
8518 0.183321
24248 0.187512
24254 0.188743
44372 0.190178
46317 0.190678
24259 0.191053
46315 0.191634
23980 0.193056
46313 0.193126
46311 0.195303
11421 0.196337
46309 0.198547
44358 0.199744
44366 0.200874
78593 0.201596
11417 0.203508
78589 0.203963
87881 0.205071
78599 0.206967
93477 0.20701
121746 0.208563
87885 0.2118
21604 0.213168
10928 0.215027
92804 0.216976
21578 0.218129
4041 0.21872
92808 0.21912
21741 0.219962
21744 0.222626
92806 0.226219
21776 0.22697
44236 0.230069
21747 0.232478
44239 0.235822
93452 0.238394
35642 0.238467
93476 0.240187
44234 0.24281
85404 0.243418
85405 0.244128
35635 0.248521
85402 0.24919
21750 0.250851
85398 0.251253
21607 0.251283
21728 0.251818
72248 0.252385
72252 0.252859
72255 0.25444
85400 0.25741
72258 0.258708
85406 0.259043
72261 0.261362
86353 0.264613
72270 0.265867
72264 0.266551
72267 0.266673
23983 0.267207
72273 0.268028
44245 0.270668
72276 0.270842
21571 0.273394
72279 0.273752
80138 0.274095
21753 0.280622
93475 0.280641
21773 0.281405
44258 0.282041
72282 0.283657
44268 0.29064
44288 0.293471
44278 0.293928
72285 0.296814
80133 0.298843
72288 0.302089
44294 0.304346
10930 0.304475
93453 0.304504
86356 0.304734
21756 0.307727
72291 0.308944
80139 0.31434
72294 0.314949
72297 0.317955
21765 0.321857
21769 0.323752
72310 0.325129
72300 0.325613
93474 0.326487
72308 0.327513
72312 0.327607
86387 0.328544
72306 0.328561
86383 0.328822
86359 0.329556
86390 0.330615
72314 0.331077
72304 0.332637
80140 0.33301
72302 0.333644
72316 0.336702
23986 0.336892
21759 0.338679
72318 0.339289
86392 0.340142
86379 0.340666
80141 0.343415
72320 0.343841
86376 0.344763
21568 0.346917
86373 0.34802
86362 0.348903
80142 0.349842
24072 0.351687
86370 0.351853
72322 0.353401
86366 0.359433
80144 0.359959
80146 0.362526
93473 0.362744
72324 0.363501
93454 0.367009
80143 0.367045
24071 0.370535
80145 0.376445
72326 0.377572
72329 0.388195
21566 0.391235
72332 0.395908
24070 0.405974
23988 0.414169
93455 0.429136
24069 0.430999
24047 0.436287
24048 0.443215
24049 0.448553
24045 0.450021
24051 0.454903
24068 0.459295
24053 0.463353
24044 0.473072
24055 0.483067
24067 0.49034
24001 0.49448
93456 0.494885
24000 0.499203
24065 0.523315
24058 0.523551
24062 0.527934
24008 0.534886
24005 0.536172
58852 0.538544
58869 0.540951
24012 0.543504
24003 0.552126
24016 0.559173
58897 0.562948
24027 0.565199
93457 0.572618
58919 0.57553
93458 0.658438
