42293 0.00911164
69650 0.00930036
100470 0.00938512
59166 0.00988304
58511 0.00997025
69646 0.0100059
41060 0.0102206
48625 0.010242
59165 0.0102737
58433 0.0104058
41069 0.0105885
51712 0.0107371
48616 0.0108111
86432 0.0108991
58512 0.0109056
58513 0.0110634
7365 0.0110914
42294 0.0112199
7368 0.0112209
51749 0.0112999
7362 0.0113047
58509 0.0113111
31762 0.0113145
48634 0.0113399
48626 0.0113557
48615 0.0113629
59164 0.0114186
51754 0.0115168
58455 0.0116001
7371 0.0116911
41065 0.0117055
34505 0.0117208
59162 0.0117726
18902 0.0118515
18875 0.0118569
7310 0.0118901
34504 0.0119284
121370 0.0119333
59163 0.0119382
7343 0.0119936
51839 0.0120002
41051 0.0120044
7360 0.01202
51838 0.0120296
7376 0.0120561
7374 0.0120658
51836 0.012072
7208 0.0120852
18912 0.0120921
51837 0.0121027
18857 0.0121034
58431 0.0121246
51696 0.012144
42292 0.0121508
58435 0.0121533
51765 0.0121536
34503 0.012163
7354 0.0121691
48635 0.0121852
41071 0.0121943
41067 0.0122732
48663 0.0122809
58457 0.0122864
7339 0.0123014
59161 0.0123136
48607 0.0123368
58507 0.0123559
127339 0.0123651
51768 0.012383
31759 0.0124035
46347 0.0124077
58456 0.0124111
51770 0.0124195
5233 0.0124306
51681 0.0124433
7410 0.0124796
18924 0.0124862
7345 0.0124987
7378 0.0125027
7336 0.0125256
7380 0.0125393
7384 0.0125486
48644 0.0125538
42365 0.0125626
7350 0.0125667
42371 0.0125714
46348 0.01258
7386 0.0126231
81261 0.0126269
7382 0.0126291
69652 0.0126568
81259 0.0126921
58459 0.0127166
48654 0.0127443
7347 0.0127975
58463 0.012818
42373 0.0128303
48662 0.0128727
48653 0.0128953
51791 0.0128981
31766 0.0129155
42368 0.0129158
7406 0.0129244
81260 0.0129376
48645 0.0129955
51772 0.0130088
57137 0.0130128
7393 0.0130305
5232 0.0130442
59159 0.0130665
58472 0.0130775
6826 0.0130862
46341 0.0130948
7403 0.0131181
7388 0.0131219
58436 0.0131272
48664 0.013148
7397 0.0131535
42363 0.0131564
18933 0.0131921
7390 0.0131953
94957 0.0132553
6856 0.0132581
59153 0.0133318
42362 0.0133545
7400 0.0133659
59157 0.0133835
46349 0.0134028
100128 0.0134297
41073 0.0134359
86436 0.0134585
127318 0.0134935
5223 0.0134952
61284 0.0134955
58454 0.0135278
48665 0.0135349
5231 0.0135947
48603 0.0136048
93297 0.0136471
5224 0.013649
5230 0.0136727
58505 0.0136735
127313 0.0136767
18977 0.0136894
35546 0.0136945
93298 0.0137058
5229 0.0137078
5228 0.013739
121371 0.0137639
93300 0.0137865
100137 0.013819
93296 0.0138377
41079 0.0138463
86173 0.0139049
5226 0.0139206
42361 0.0139246
5227 0.0139485
88943 0.0139513
61285 0.0139588
4483 0.0139635
51677 0.0139697
5225 0.0139925
48606 0.0140067
93295 0.0140639
100196 0.0140653
124484 0.0141129
58430 0.014118
61295 0.0141799
124477 0.0142001
127321 0.0142014
100126 0.0142118
123809 0.0142385
93293 0.0142482
81258 0.0142617
61283 0.0142769
100163 0.0143539
61287 0.0143607
58475 0.0143708
98318 0.0143714
93294 0.0143851
100174 0.0143978
93292 0.0144241
81550 0.0144332
61292 0.0144585
69629 0.014488
35551 0.0145104
82244 0.0145287
81253 0.0145309
94959 0.0145316
42375 0.014553
100162 0.014559
35554 0.0145622
48599 0.014567
8442 0.0145884
93291 0.0146386
81601 0.0146459
81263 0.0146518
82241 0.0147316
61294 0.0147339
58437 0.0147422
61297 0.0147483
88944 0.0147486
61296 0.014777
100160 0.014795
42291 0.0147996
61279 0.0148028
100165 0.0148097
81236 0.0148358
100164 0.0148732
86175 0.0148806
121381 0.0148891
42403 0.0149095
6828 0.0149315
42392 0.0149326
8436 0.0149378
57129 0.0149565
51671 0.0149738
58521 0.0149782
100222 0.0149833
61282 0.0149913
42295 0.014993
42543 0.0150427
100171 0.0150626
100169 0.0150718
8441 0.0150725
41085 0.0151073
46351 0.0151093
94961 0.0151535
100209 0.0151991
81257 0.0152037
100185 0.0152186
100168 0.0152414
100166 0.0152541
121372 0.0152995
81255 0.0153053
88949 0.0153395
58486 0.0153696
93290 0.0155151
8437 0.0155519
82242 0.0155579
42378 0.0155611
58477 0.0155706
59167 0.0155852
82249 0.0156479
100180 0.0156743
94955 0.0156839
81272 0.0156917
121383 0.0156959
61304 0.0157117
58524 0.0157357
82447 0.0157397
35556 0.0157478
88941 0.0157834
58453 0.0157868
41090 0.015826
100572 0.0158433
58526 0.0158586
58479 0.0158785
86437 0.0160191
88946 0.0160431
42382 0.01606
88951 0.0160968
42477 0.0161073
73223 0.0161211
8439 0.0161363
35563 0.0161877
35569 0.0162408
35565 0.0162686
86116 0.0162954
35561 0.0163046
69654 0.0163359
61302 0.0164116
58488 0.0164778
35567 0.0164796
35559 0.0164944
58503 0.0165044
42428 0.0165274
58450 0.0165353
88940 0.0165444
58440 0.0165557
35571 0.0165841
42417 0.0166112
93289 0.0166339
128378 0.016651
58438 0.0166552
42465 0.0166784
46353 0.0166842
121376 0.0166941
42469 0.0167072
61311 0.0167304
42472 0.0167478
58439 0.0167506
58392 0.0167899
50312 0.0168174
41037 0.0168206
121380 0.0168553
121373 0.0168575
58429 0.0168581
6853 0.0168853
42296 0.0168953
50317 0.0169099
42290 0.0169473
58528 0.0169506
73227 0.0169649
6830 0.0170017
46355 0.0170137
58442 0.0170627
58489 0.0170814
123767 0.0170972
35573 0.0171247
128391 0.0172
94952 0.0172056
58542 0.0172171
34114 0.0172184
121379 0.0173609
100560 0.0173659
41239 0.0173993
100574 0.017437
41036 0.0174791
57122 0.0175157
121374 0.0176024
58529 0.0176775
68090 0.0176826
82273 0.0176866
93288 0.0176905
69627 0.0177161
61309 0.0177488
31813 0.0177499
41241 0.0177734
32041 0.0177978
82264 0.0178677
58530 0.0178832
87438 0.0179169
86426 0.0179173
121386 0.0179213
121377 0.0179278
32017 0.0179286
58546 0.0179723
41235 0.0179763
86177 0.0180627
32024 0.0181417
32034 0.0181937
58490 0.0182138
68089 0.0182793
58532 0.0182796
88952 0.0183061
58492 0.0183813
42298 0.0184061
41242 0.0184078
88997 0.0184658
68128 0.0184844
58540 0.0185434
121378 0.0185584
93287 0.0185787
94948 0.018587
32030 0.0186546
58535 0.018659
100575 0.0186767
6833 0.0187129
6847 0.0187438
58501 0.0187556
58533 0.018781
42289 0.0187993
58536 0.0188083
6842 0.0188089
130749 0.0189215
67363 0.0189276
58497 0.0189465
58538 0.0189527
34117 0.0189603
26277 0.0189681
86015 0.0189895
73230 0.0190446
35577 0.0190496
119275 0.0191005
46368 0.0191631
34121 0.0192088
58427 0.0192371
58499 0.0192459
121375 0.019353
89010 0.0193609
57109 0.0193744
100528 0.0194244
58495 0.0195362
68176 0.0195473
128377 0.0195754
57117 0.0196242
83713 0.0196329
61323 0.0196649
69657 0.019691
93286 0.0197375
57105 0.0197519
6843 0.0198071
68234 0.0198675
32050 0.0199263
86179 0.0199272
41027 0.0199319
58391 0.0199556
121615 0.0199702
61320 0.0199917
82267 0.0200372
68083 0.0201124
42287 0.0201199
58421 0.0202778
42288 0.020339
34197 0.0203516
35579 0.0204284
42286 0.0204673
58389 0.0204854
41231 0.0204894
69626 0.0206167
41017 0.0206417
41223 0.0206659
61325 0.0206732
69661 0.0206831
58419 0.0207772
119271 0.0207801
67506 0.0207886
87435 0.0207947
34198 0.0208319
32055 0.0208712
6738 0.0208861
68261 0.0209188
116736 0.0209835
34199 0.0210042
59169 0.0210551
100552 0.0210897
67701 0.0211035
121621 0.0211146
121389 0.0211305
32013 0.0211811
88953 0.0212781
41226 0.0213052
119270 0.0213656
10127 0.0214648
42285 0.0214853
59055 0.0214863
67507 0.0215197
4213 0.0215536
68048 0.0215894
86425 0.0216377
6740 0.0216707
69625 0.0216781
121602 0.0217105
48592 0.021827
86181 0.0218343
87439 0.0218825
119272 0.0219345
34201 0.021969
100494 0.0220434
67699 0.0221118
32061 0.0221266
34203 0.0222525
130742 0.0223573
68263 0.0223655
121628 0.0224641
86185 0.0225015
86187 0.0226259
43824 0.0226975
121398 0.0227042
67362 0.0227339
46449 0.0227475
130757 0.022764
86424 0.0227979
6735 0.022808
10145 0.022809
4212 0.0228453
41220 0.0229177
73216 0.0230356
32001 0.0230782
86420 0.0231156
100550 0.0231258
73244 0.0231621
10144 0.0232677
10148 0.0232923
10128 0.0233568
67514 0.0235718
10149 0.0236246
10146 0.0236439
34765 0.023681
67510 0.0237516
91010 0.02388
121635 0.0239055
121395 0.0239318
100532 0.0239397
32008 0.023952
88526 0.0240416
31996 0.0241018
6742 0.0241839
67511 0.0242281
91006 0.0242377
67513 0.024274
4210 0.0243179
116746 0.0246262
32094 0.0247387
59019 0.0248175
121393 0.024828
31993 0.0248841
121597 0.0249381
86191 0.0249564
31987 0.0249994
121640 0.0250044
32090 0.0250663
67515 0.02518
87433 0.0252645
10143 0.0253847
32065 0.0253862
121408 0.0255415
121644 0.025618
121404 0.0256225
88523 0.0257643
67361 0.0257758
10129 0.0258063
121406 0.0258361
32070 0.0258413
86189 0.0259222
32348 0.0259297
67516 0.0259358
32087 0.0260289
87440 0.0260744
130771 0.0260873
73353 0.026174
48587 0.0262138
59032 0.0262912
121643 0.0263274
32351 0.0263994
10142 0.0264601
31990 0.0265352
58551 0.0265464
90994 0.0266177
31984 0.0266443
41006 0.0266623
67517 0.0267222
73214 0.0268088
130766 0.0268146
10131 0.0269718
32339 0.0270169
32353 0.0271345
6744 0.027181
67357 0.0272262
100536 0.0272348
88515 0.0273249
87421 0.0273776
87422 0.0273789
128691 0.0274133
100548 0.027494
67360 0.0276052
6769 0.0277985
116729 0.0278072
32075 0.0279102
121642 0.0279202
73249 0.0279245
41008 0.0279931
32355 0.0281198
67518 0.0281389
87423 0.0283086
100549 0.0284037
32085 0.0284745
87420 0.0286129
72908 0.0287153
4334 0.0287519
67520 0.0289801
100547 0.029026
40093 0.0290832
87424 0.0290963
40095 0.0292165
116703 0.0292778
18982 0.0293634
73296 0.0293966
34107 0.0296223
86622 0.0296662
72990 0.0297156
59172 0.0298088
6746 0.0299131
27614 0.0299197
32079 0.0300487
32083 0.0301187
88510 0.0301256
116697 0.0301531
10150 0.0302472
6767 0.0303135
87419 0.030382
45891 0.0304719
58304 0.0305238
67356 0.0305241
50088 0.0307161
88861 0.0307579
32358 0.0308939
87442 0.0308946
100546 0.0309333
88444 0.0309585
90981 0.0311392
88863 0.0311864
35079 0.0312518
58553 0.0312935
33118 0.0313414
88457 0.0313542
73255 0.0313934
100542 0.0313953
27611 0.0314462
33100 0.0314906
87431 0.0315714
116705 0.0315796
90238 0.0315843
90239 0.0316103
123722 0.0317065
87425 0.0317431
72976 0.0319023
116708 0.0320766
86624 0.0322681
72980 0.0322884
90986 0.0323207
72922 0.0323707
72917 0.032433
87417 0.0324664
90985 0.0324807
69822 0.0325116
86632 0.0325156
45892 0.0325514
6749 0.0325693
40097 0.0326098
88507 0.0328064
88459 0.0328428
72973 0.0328746
73269 0.0328766
87379 0.0329319
67522 0.0329405
88696 0.0331004
86626 0.0332843
90984 0.0333494
86629 0.0334343
33101 0.0335895
6764 0.0335983
87415 0.0336068
88698 0.0336725
67355 0.0338875
40099 0.0340472
89727 0.034211
45893 0.0342163
88477 0.0343308
116711 0.0343395
88695 0.0343994
4155 0.0345989
122210 0.0346233
6754 0.0346663
6762 0.0346682
87426 0.0347945
128814 0.0348383
46489 0.035203
116717 0.0352059
73001 0.0352172
87406 0.035234
87412 0.0353246
87383 0.035376
122212 0.0353829
122207 0.0354324
116693 0.0354361
72927 0.0354932
6757 0.035615
88859 0.035725
87402 0.0357283
10151 0.0357584
103244 0.0358986
10152 0.0361177
87395 0.0362382
87444 0.0362671
27563 0.0363333
88452 0.0363347
87387 0.0363736
116715 0.0364468
45894 0.0364913
10158 0.0365792
67354 0.0366124
40100 0.0366916
122218 0.0366979
116718 0.0368698
123718 0.0369227
10489 0.0370132
40101 0.0370204
88699 0.0370234
40102 0.0370294
63820 0.0370446
90236 0.0370793
116725 0.037178
48585 0.0372733
10156 0.037444
87427 0.0374984
13311 0.0377553
122220 0.0378233
10157 0.037852
128706 0.0378529
72457 0.0378855
68628 0.0379362
72966 0.0379421
87430 0.0379955
122223 0.0380487
27569 0.0380768
27566 0.0381887
27588 0.0381936
88686 0.0381991
72450 0.0382318
88865 0.0383644
122214 0.0384684
111836 0.0386176
27597 0.0386749
88685 0.0388244
122216 0.0388317
10488 0.0388774
27591 0.0388871
27601 0.0389367
10153 0.0389962
57156 0.0392139
87446 0.0395119
72949 0.0396232
72462 0.0396461
27572 0.0400249
87428 0.0400503
45896 0.0401609
123713 0.0404279
10154 0.0406995
10487 0.0407471
122205 0.0408185
88857 0.041241
122246 0.0412674
123711 0.0412938
33137 0.0414374
88684 0.0414466
72954 0.041608
27575 0.0417944
87429 0.0419573
86416 0.0421104
18988 0.0421798
122204 0.0427169
27585 0.042804
10486 0.0430027
122225 0.0430633
72961 0.0430876
90233 0.0434122
13309 0.043476
72447 0.043478
123706 0.0437166
90205 0.043862
27578 0.0441822
72957 0.0444722
111869 0.0446408
27581 0.0446416
88683 0.0448025
122228 0.0449608
90215 0.0450317
123701 0.0450984
27583 0.0452607
122243 0.0453363
90228 0.0454455
128707 0.0454518
63817 0.0463608
48581 0.0466769
45898 0.047218
88867 0.0473581
72467 0.0479213
122188 0.0480179
122202 0.0481963
13307 0.048242
88682 0.0484849
123699 0.0489138
88703 0.049218
72549 0.0494367
72553 0.0494467
88853 0.0495623
10485 0.0495877
63429 0.0496455
122199 0.0501948
82205 0.0503228
72545 0.0504711
13285 0.0512672
32248 0.0512745
13292 0.0515224
72540 0.0519331
72479 0.0519831
13287 0.0520316
13289 0.0520974
88680 0.052181
88709 0.0526457
33138 0.0527788
32255 0.0528737
72537 0.0529857
88666 0.053171
72534 0.0535354
88670 0.0541537
32252 0.0541726
123695 0.0544243
88675 0.0550583
88663 0.0550783
45900 0.0552005
88678 0.0554854
72443 0.0554952
10484 0.0555411
88707 0.0556331
32254 0.0557078
88869 0.0557775
86413 0.0558487
32253 0.0559302
72530 0.0559541
10370 0.0562241
88705 0.0564742
72520 0.056537
85069 0.0565772
88872 0.0569354
10355 0.0571245
72483 0.0573189
72527 0.0573766
88850 0.0577314
48576 0.0583035
10483 0.0586375
85066 0.0591958
10368 0.0601234
88713 0.0603444
10351 0.0606795
85086 0.0608729
50112 0.060881
85062 0.0610767
115796 0.0612923
72439 0.0618732
85072 0.0619054
85079 0.0620428
88873 0.0623521
10482 0.0623978
88890 0.0627216
72512 0.0627347
28395 0.0630963
115820 0.0630975
72487 0.0632189
72516 0.0632588
88716 0.0632755
85102 0.0634699
115816 0.0640269
8296 0.0640621
88874 0.0643063
86409 0.0648611
28396 0.0650126
88720 0.0653253
85089 0.0654249
10360 0.065436
86917 0.0654897
10327 0.0658011
72497 0.0658662
85057 0.0661846
72494 0.0663235
45903 0.0663408
72509 0.0663688
82202 0.0665911
88875 0.0669896
28397 0.0670635
88847 0.0676516
63811 0.0679669
10338 0.0683841
8291 0.0686653
115824 0.0686681
72502 0.0686881
10365 0.0687008
85099 0.0694609
88884 0.0696582
63751 0.070368
72506 0.0705063
88882 0.0705605
48570 0.0711911
85093 0.0717447
10481 0.0720806
72435 0.0722546
88880 0.0724824
69797 0.072509
88725 0.0741966
69798 0.0742998
88879 0.0744114
88876 0.0753432
92072 0.0753717
92069 0.0754341
88877 0.0757304
88878 0.0758626
8285 0.0760233
82198 0.0760479
92075 0.0762515
8290 0.0770811
86404 0.0771259
8284 0.0772505
88843 0.0775652
8289 0.079125
32497 0.079461
72432 0.079675
92078 0.0801251
32498 0.0809259
32496 0.0810166
8288 0.0819347
10480 0.0819807
8287 0.0823241
8286 0.0825181
88729 0.0831425
48561 0.0833641
8282 0.0856949
72428 0.0857426
92081 0.0862187
88839 0.08633
32495 0.0866824
7005 0.0875557
82193 0.0889098
7004 0.0894628
50116 0.0896064
25604 0.0902414
10479 0.0905952
72422 0.0917984
7003 0.0918518
48544 0.0919413
88734 0.0928152
7002 0.0932389
48826 0.0935577
7001 0.0941916
88836 0.0946192
7000 0.0946474
32493 0.0963465
10478 0.0977779
72418 0.0979779
92084 0.0980678
10475 0.100819
10477 0.101058
88833 0.101938
10474 0.102749
124627 0.104399
10473 0.105687
32476 0.106288
32491 0.107236
72412 0.107751
89387 0.107967
92086 0.108583
48536 0.108768
10472 0.109176
88828 0.109184
24238 0.110991
89389 0.111779
10471 0.112821
86397 0.113514
88820 0.114804
89391 0.114958
92088 0.115123
72409 0.11513
92094 0.115389
10470 0.116026
89393 0.117306
88814 0.117662
32490 0.118363
92092 0.118474
89395 0.119005
92090 0.119142
88806 0.119474
10469 0.119842
89397 0.121292
3942 0.121711
48532 0.122117
89399 0.123013
10468 0.123332
88781 0.125332
72406 0.126232
88740 0.126607
10467 0.129045
86394 0.129274
32481 0.129451
32488 0.131471
88765 0.131945
88742 0.132771
32486 0.134217
4028 0.134516
32487 0.135342
88748 0.135677
88756 0.136811
72403 0.137824
32482 0.138043
88744 0.138441
32484 0.138646
10466 0.139068
3945 0.140839
86392 0.141436
124631 0.143979
4029 0.145378
93476 0.146273
86390 0.148006
10465 0.148045
85418 0.152067
85394 0.152562
72400 0.153298
86387 0.153369
10464 0.156042
3947 0.156956
4030 0.15854
10463 0.158856
85421 0.16169
93475 0.162566
85392 0.162979
85454 0.164945
124641 0.168705
85453 0.169468
72397 0.17142
85390 0.171558
3950 0.172816
87903 0.173604
92799 0.17418
87875 0.177681
87900 0.177791
85452 0.17796
85428 0.179306
72393 0.179482
92801 0.18152
93474 0.181857
72388 0.185754
124646 0.187006
85451 0.190894
85432 0.192057
87878 0.19309
72383 0.195729
92804 0.195781
93472 0.196726
85436 0.197047
85439 0.197612
85450 0.202898
85443 0.207644
72379 0.210798
85449 0.216957
92806 0.220116
72375 0.222865
92808 0.231084
92812 0.232669
92820 0.233431
72370 0.23499
92822 0.237796
92810 0.241137
92814 0.241148
72367 0.246913
72364 0.256959
72361 0.266934
72358 0.27954
92898 0.285575
93466 0.287034
92897 0.292898
72355 0.292956
72304 0.296011
72306 0.298639
72351 0.301722
72308 0.301975
92838 0.303996
92840 0.304314
72310 0.304467
72348 0.306548
72312 0.306969
92896 0.30705
72314 0.309662
72320 0.310527
72318 0.31059
72322 0.31089
72316 0.310955
72324 0.312447
92895 0.315774
72326 0.315988
72344 0.316027
72329 0.318034
72340 0.318296
72336 0.319444
72332 0.319491
92834 0.31962
92836 0.322847
93464 0.325316
4081 0.341953
21530 0.355038
93463 0.355971
11264 0.366427
11265 0.378759
21531 0.379084
21532 0.400764
21533 0.42189
21534 0.441422
21535 0.460278
21536 0.476614
11273 0.48892
21537 0.489991
11368 0.505986
11275 0.511707
11281 0.515012
11280 0.517124
11276 0.52129
11279 0.523317
11277 0.525267
11278 0.526189
11288 0.534377
11287 0.54334
11285 0.545372
11286 0.546209
11157 0.637341
11156 0.638071
11158 0.640896
11159 0.644005
11155 0.644833
11174 0.646381
11160 0.648043
11161 0.649989
11162 0.651617
26854 0.654459
11173 0.654949
11163 0.655656
11164 0.657254
11165 0.657709
11166 0.65834
11168 0.658411
11167 0.658669
11172 0.66022
11169 0.660972
11171 0.661264
11170 0.661914
