12746 0.0490285
117823 0.071132
12747 0.150299
12745 0.16286
117824 0.165187
117822 0.182307
12748 0.200644
12744 0.205282
117821 0.229254
117825 0.230682
12743 0.251891
117820 0.27306
12867 0.275005
100830 0.286188
100829 0.289318
100831 0.293134
117826 0.293142
12868 0.297616
100828 0.297746
12742 0.297981
117853 0.299217
100832 0.305778
12866 0.30905
100827 0.313076
117819 0.317964
12749 0.321485
100833 0.325984
100826 0.335174
12741 0.338908
592 0.341842
12869 0.342473
12865 0.344312
100834 0.348314
91236 0.349522
117827 0.359136
591 0.360144
16456 0.36176
16436 0.362147
100825 0.362983
593 0.363161
117818 0.363396
16437 0.363468
16438 0.37015
100835 0.371438
117852 0.374436
594 0.37589
590 0.376748
16439 0.378493
91237 0.382324
16455 0.386402
16440 0.389379
589 0.392725
100836 0.39444
595 0.395225
16441 0.398387
100824 0.399932
91221 0.405265
16442 0.407956
16454 0.410476
12870 0.413028
588 0.413743
596 0.413748
117851 0.415314
96537 0.41619
16443 0.417528
100837 0.418491
96538 0.419179
16451 0.419348
47212 0.420323
117854 0.420487
96539 0.421916
16450 0.422763
16444 0.422862
16452 0.422907
47211 0.422998
47210 0.423158
16447 0.423337
117828 0.423698
16448 0.423831
16453 0.424042
16449 0.425157
16445 0.425254
16446 0.42606
96540 0.428566
47213 0.429367
100853 0.430195
12750 0.431066
587 0.432755
100852 0.432777
597 0.433591
100851 0.434945
96541 0.435772
78174 0.438707
117816 0.439119
78175 0.441663
96542 0.442924
78176 0.444264
78177 0.445252
100850 0.445293
100838 0.445565
47214 0.44572
78178 0.445913
78179 0.445918
12864 0.447422
78180 0.448019
12727 0.448834
78181 0.449152
96543 0.449393
78182 0.451178
100849 0.45334
586 0.453499
78183 0.454849
100823 0.454962
598 0.456737
581 0.456842
41602 0.457153
41601 0.457233
96544 0.457385
102682 0.459193
78184 0.460312
582 0.462721
100848 0.463858
96545 0.464028
78185 0.465522
585 0.466289
583 0.466896
584 0.467957
100839 0.468821
41600 0.469052
41603 0.469196
78265 0.469242
101362 0.470091
101361 0.470268
96546 0.471497
101360 0.471598
101363 0.471955
78186 0.472292
101364 0.472888
101359 0.473181
12740 0.473633
101358 0.47382
101365 0.474864
100847 0.475262
599 0.475559
101348 0.475576
78187 0.476331
101366 0.476506
101357 0.476636
101368 0.477094
96547 0.477274
101367 0.477509
101356 0.478063
101369 0.478655
47215 0.478781
101370 0.479046
78188 0.479342
78190 0.479641
68208 0.480466
101355 0.480662
101354 0.480878
68209 0.481205
78189 0.481248
101349 0.48137
102684 0.48173
101371 0.482009
101353 0.482229
96548 0.482566
68207 0.482589
710 0.482729
68206 0.483311
68210 0.483919
101372 0.484062
100846 0.484457
101352 0.484463
101350 0.484604
100840 0.484838
101373 0.485355
101351 0.485769
12871 0.486195
96549 0.487403
68205 0.48752
78191 0.487678
101374 0.488104
67200 0.488849
600 0.489069
711 0.490627
41599 0.490906
101375 0.49118
68204 0.492624
88287 0.493074
12726 0.493574
88300 0.493575
78268 0.493591
41604 0.493631
117829 0.49375
96550 0.494097
101376 0.494813
100845 0.495007
68203 0.495645
96551 0.497933
100822 0.49809
101377 0.49815
712 0.498517
100841 0.498764
68202 0.498897
12725 0.49968
77990 0.50065
68201 0.501007
101378 0.501351
601 0.501528
102687 0.501653
117813 0.502105
96552 0.502184
68200 0.502753
108845 0.50281
713 0.502933
12728 0.503594
96555 0.503779
100844 0.504007
96553 0.504275
101379 0.504455
117814 0.504576
117850 0.504854
68199 0.505287
96554 0.505389
68196 0.505884
100842 0.505905
68195 0.506107
88327 0.507209
68197 0.507295
108846 0.507431
101380 0.507488
68198 0.507571
68194 0.50849
714 0.508543
68193 0.50884
100843 0.508852
12785 0.50889
101381 0.510215
12775 0.510752
47216 0.510851
101382 0.51255
102690 0.514001
101383 0.514424
68192 0.514642
101384 0.516933
108847 0.517435
41598 0.519589
101385 0.519671
715 0.519682
96556 0.519753
90974 0.520194
78271 0.52032
602 0.520688
101386 0.521981
67207 0.522312
47038 0.523301
12724 0.524171
101387 0.524184
47037 0.524839
101347 0.525024
716 0.525788
101388 0.526914
117812 0.527875
41605 0.528215
101389 0.528444
102693 0.528678
101390 0.529645
101345 0.529967
717 0.53019
718 0.530459
101391 0.530741
719 0.531406
101392 0.531476
96557 0.531535
101393 0.53197
101394 0.531999
47036 0.532391
101395 0.532663
77989 0.533035
90726 0.533258
90957 0.535664
108848 0.536163
89241 0.536428
603 0.536496
100821 0.53659
101343 0.538199
47217 0.541348
12751 0.543212
101341 0.54455
90727 0.545464
5743 0.547089
107489 0.547741
107501 0.547882
107502 0.548175
90954 0.548498
78276 0.548978
107503 0.549915
107504 0.549987
102696 0.550261
13502 0.550278
5742 0.55044
604 0.551529
108604 0.551622
16786 0.553794
90735 0.553886
107505 0.553977
41597 0.554041
12786 0.554185
101339 0.555014
107506 0.555647
12705 0.556295
12872 0.556991
12721 0.557149
117810 0.557427
12774 0.558251
90728 0.558513
13503 0.558649
108849 0.55882
12710 0.558982
95537 0.559164
5741 0.559184
102699 0.559732
95535 0.560786
90734 0.560953
101337 0.561441
107507 0.562016
16776 0.562057
90729 0.562305
95528 0.562524
606 0.562695
12773 0.562783
12713 0.563758
12729 0.563879
117830 0.564975
12784 0.564975
90730 0.564978
605 0.565045
90736 0.565993
12699 0.567034
107508 0.567163
90731 0.567252
90733 0.567296
16782 0.567334
236 0.56847
237 0.568667
12772 0.568737
90732 0.569235
235 0.569283
17030 0.569348
90950 0.569723
95518 0.570014
101398 0.570151
41606 0.57056
234 0.570778
5740 0.57119
67236 0.571257
5739 0.571348
77988 0.571494
101335 0.571496
607 0.571541
47218 0.571627
108603 0.571991
233 0.572614
102713 0.574006
5738 0.574645
16780 0.574657
232 0.574691
17003 0.574758
102702 0.575105
90948 0.575567
89242 0.575939
231 0.576362
126530 0.577338
126531 0.57738
126532 0.578033
12783 0.578175
230 0.578343
108850 0.578457
12694 0.578719
78282 0.57877
126534 0.57889
126533 0.578944
126529 0.579042
126535 0.579053
117808 0.579358
90737 0.579942
126536 0.579948
126449 0.580424
126448 0.580736
102706 0.580832
126450 0.580886
126457 0.581095
126537 0.581105
126452 0.581145
126459 0.581362
126455 0.581369
126454 0.581556
126528 0.581608
126460 0.581653
12717 0.58169
126525 0.581795
126458 0.581887
126526 0.582029
126538 0.582236
126527 0.582438
12771 0.582488
126478 0.582659
19097 0.582661
126524 0.58277
126477 0.582888
126447 0.582918
34274 0.583077
126474 0.583382
126492 0.583497
126485 0.583664
126523 0.583709
126488 0.58371
126479 0.583721
126486 0.583761
126493 0.583783
126539 0.583826
126489 0.583885
126487 0.583982
126481 0.583989
126501 0.584101
108602 0.584139
126496 0.584399
126495 0.584433
126540 0.584492
126500 0.58462
126494 0.584627
126480 0.584641
126522 0.584666
126502 0.584721
2050 0.584847
13510 0.584894
90947 0.58499
126541 0.584992
126542 0.585466
126503 0.585522
126543 0.585935
126504 0.585956
126521 0.586077
12690 0.586145
41596 0.586288
126520 0.586366
126507 0.586404
126508 0.586408
12873 0.58644
126544 0.586824
126509 0.586985
1005 0.587084
95538 0.587088
16791 0.587425
16798 0.587753
126545 0.587854
126519 0.587908
19086 0.587933
126518 0.588051
95547 0.588209
126510 0.588221
108851 0.588397
126517 0.588419
126516 0.588502
16878 0.588625
95545 0.588663
126515 0.588862
126514 0.588973
126511 0.589073
126546 0.589078
126513 0.589108
16795 0.589136
126512 0.589447
16925 0.589476
19077 0.589506
16801 0.589578
102707 0.589656
124444 0.589676
16823 0.589702
124446 0.589795
124445 0.589979
19115 0.590081
126547 0.590215
19080 0.590243
102712 0.590422
16834 0.590447
19116 0.590535
2051 0.59066
16800 0.590846
12863 0.590851
19120 0.590883
19074 0.591122
107487 0.591527
16803 0.591813
19059 0.591831
19042 0.591833
19121 0.592025
19119 0.592233
19118 0.59233
95508 0.592593
102708 0.592598
16876 0.592736
19041 0.593072
89249 0.593103
90738 0.593978
117849 0.594047
12685 0.594372
108854 0.594558
979 0.59459
95507 0.594866
12782 0.595464
102709 0.595821
108852 0.595937
19037 0.596174
107439 0.596507
89248 0.596519
102710 0.596619
31919 0.596756
5865 0.5969
109397 0.59758
12770 0.597611
19122 0.597622
19040 0.597672
31837 0.598696
12739 0.598722
31876 0.598813
47219 0.599364
917 0.599378
102711 0.599721
5866 0.600121
107484 0.600378
89246 0.600515
126920 0.600554
31897 0.600874
95501 0.600966
126919 0.601352
13504 0.601532
89247 0.601581
31854 0.601806
31852 0.602504
126916 0.602937
31839 0.603211
12787 0.603218
13420 0.603273
31863 0.603293
34287 0.603714
109396 0.604107
13416 0.604115
31838 0.604319
126912 0.604394
31850 0.604513
108601 0.604797
117806 0.605586
31841 0.605778
31846 0.606714
34322 0.607782
90739 0.608443
31848 0.608661
13422 0.609343
5870 0.609407
5867 0.609662
12776 0.610319
107481 0.610472
5868 0.61149
12781 0.611728
109395 0.611877
108853 0.612744
19039 0.613019
41607 0.613408
89259 0.613672
107478 0.614322
5869 0.614943
89261 0.615299
100 0.615374
89250 0.616222
41595 0.61627
13431 0.616885
89251 0.617172
13439 0.617544
89244 0.617729
12917 0.618546
13505 0.619236
109394 0.619588
5871 0.619849
12777 0.620119
13455 0.620434
95490 0.620893
5873 0.622618
89257 0.623188
5872 0.624934
47220 0.625154
12916 0.626119
67243 0.627852
13445 0.627874
108600 0.62806
107474 0.628534
109393 0.628677
12752 0.629638
12915 0.630701
12789 0.631393
117831 0.633451
5874 0.634005
108714 0.634572
12788 0.635344
107470 0.635427
109392 0.637534
12914 0.638224
12780 0.642902
107466 0.644901
12913 0.645494
41593 0.645739
67331 0.646291
12778 0.646555
103235 0.646835
109391 0.646863
103234 0.647124
103237 0.647405
103236 0.647601
12779 0.648021
103238 0.648069
103232 0.648388
103233 0.648444
47221 0.648742
103239 0.648786
103231 0.64906
12680 0.649769
103240 0.650944
103230 0.651535
103229 0.651609
95478 0.651654
103241 0.652367
107462 0.652457
103228 0.652657
5896 0.65323
5875 0.653725
103242 0.654655
103243 0.655171
0 0.655239
103244 0.655512
3 0.655516
4 0.655802
103245 0.656518
2 0.65683
12738 0.657433
5 0.657807
13459 0.659108
6 0.660108
107458 0.660122
12918 0.66068
5886 0.661899
12790 0.663263
7 0.666181
41591 0.666388
12769 0.666525
100890 0.66691
12737 0.667181
12874 0.667668
107453 0.668007
12736 0.668119
47222 0.669538
90935 0.670247
90936 0.670954
12912 0.671517
5885 0.671543
108599 0.671757
67254 0.672497
107446 0.673245
5883 0.673708
5895 0.676664
100902 0.677032
5876 0.677576
12735 0.677692
12800 0.678702
100903 0.678757
100901 0.678921
62967 0.679045
67364 0.679816
100904 0.679873
100900 0.680222
100905 0.681051
62966 0.681087
100907 0.681919
100891 0.682049
12791 0.682351
100906 0.682521
100899 0.682544
12734 0.683031
100908 0.683324
100898 0.684636
100909 0.685725
117848 0.687149
108598 0.687532
100897 0.687748
12733 0.687751
12730 0.688736
12732 0.688746
12799 0.688896
100892 0.689076
100896 0.690077
12924 0.690158
12922 0.690646
100893 0.691004
100895 0.692609
90934 0.692769
12731 0.693075
107713 0.694071
100910 0.694088
100911 0.694212
100894 0.695358
12919 0.695772
100912 0.696588
100913 0.696597
5884 0.69694
5882 0.69766
100914 0.698248
5877 0.69888
90939 0.699794
12923 0.702115
12797 0.702421
67394 0.706528
12920 0.706992
5894 0.707435
5891 0.709169
5890 0.71123
5889 0.714975
5888 0.714988
12911 0.715297
11897 0.715304
5887 0.715341
5878 0.716163
12921 0.716583
89385 0.717345
5892 0.717897
12792 0.718119
12753 0.719508
5893 0.719519
5881 0.719894
12798 0.720538
90933 0.721645
90921 0.721906
67262 0.723888
67588 0.72414
12862 0.725068
12875 0.730644
67292 0.731398
5880 0.734294
12801 0.734837
89396 0.737342
12910 0.739684
89391 0.739852
90922 0.740337
5879 0.741061
12888 0.742221
12890 0.745138
12768 0.745332
90932 0.746063
12793 0.747503
12889 0.748736
12886 0.753239
67437 0.755234
12887 0.757148
107712 0.757514
89387 0.758774
89384 0.758996
89395 0.759658
12894 0.760035
90923 0.761605
67592 0.763532
12794 0.763694
12891 0.76607
117832 0.766724
12909 0.767366
67321 0.768587
89382 0.770546
89386 0.771941
67268 0.773565
12892 0.773602
12885 0.773794
12876 0.774447
90924 0.775617
12883 0.776097
12893 0.779187
117847 0.779571
12908 0.780945
12882 0.782438
89397 0.784904
89381 0.785469
89394 0.787576
12895 0.78776
107710 0.788233
12767 0.788501
12877 0.791186
12896 0.791612
67600 0.791625
107694 0.792601
12884 0.793011
107711 0.795692
90925 0.79908
12754 0.800392
107709 0.801553
12795 0.803814
12907 0.804719
12802 0.80515
90928 0.806087
67301 0.80653
90927 0.80706
89398 0.807127
12881 0.807697
12878 0.809542
67452 0.811784
12880 0.812179
12897 0.814252
90926 0.81845
67443 0.819121
12879 0.820812
67613 0.821454
12796 0.822868
12766 0.823174
12906 0.82753
67625 0.828517
12898 0.831019
67619 0.832349
107707 0.838938
67633 0.839173
67320 0.840145
89399 0.844234
12861 0.845874
67630 0.846776
12899 0.846949
67629 0.847289
12900 0.847657
107692 0.84839
107708 0.849385
67628 0.849442
12905 0.85052
107706 0.853799
12765 0.855579
67631 0.859568
12803 0.859754
67448 0.860426
67634 0.860688
67305 0.86328
67616 0.863332
12904 0.864675
67632 0.865261
12902 0.869694
67635 0.870559
12901 0.870681
117846 0.872232
89400 0.872854
67453 0.873646
12903 0.879466
107685 0.879633
117833 0.882157
12764 0.883059
107689 0.884865
67307 0.884872
67306 0.884915
12755 0.886131
107683 0.899216
12756 0.900063
67308 0.900347
12763 0.901359
117845 0.903843
67319 0.904252
13847 0.907678
107687 0.916674
12762 0.921595
12804 0.923006
89401 0.923878
67636 0.928221
12758 0.936764
67309 0.939846
67473 0.94267
12761 0.943959
12757 0.944031
67637 0.948388
67638 0.94843
67318 0.951283
13851 0.95457
67310 0.957046
117844 0.959227
67485 0.962026
12805 0.962579
67311 0.967577
12760 0.969133
12860 0.985467
107681 0.98833
67639 0.988622
12759 0.990316
67317 0.990387
13853 0.991111
117834 1.00207
107679 1.01503
117843 1.01967
107677 1.02044
13854 1.02426
12806 1.02691
67484 1.03196
67316 1.03335
13881 1.03512
117835 1.03681
67312 1.0374
67474 1.0393
12840 1.04013
67483 1.04184
12842 1.0421
12841 1.04233
12844 1.04248
13883 1.04395
13884 1.05333
12843 1.05361
50998 1.05712
67482 1.05761
12827 1.0599
13885 1.06166
12830 1.0625
67481 1.06303
50999 1.06525
12837 1.06538
67480 1.06944
12826 1.06964
13886 1.06985
51000 1.07014
12839 1.07299
13887 1.07491
12825 1.07524
12834 1.07633
51002 1.07747
51001 1.07767
107669 1.07801
12828 1.0783
117842 1.07886
12832 1.07964
13888 1.07973
67479 1.08075
51003 1.08095
12833 1.08203
12829 1.08231
107671 1.08314
12831 1.08317
13889 1.08412
12838 1.08591
12835 1.087
13890 1.08712
107670 1.0872
12807 1.08722
117836 1.08758
107675 1.08792
67478 1.08845
51004 1.08881
12809 1.08961
13891 1.08988
12845 1.09098
13895 1.09111
13892 1.09139
67477 1.09169
13894 1.09233
51005 1.09277
13893 1.09296
67315 1.09315
12836 1.09767
12813 1.09978
51006 1.10164
12814 1.10414
51007 1.10531
67476 1.10619
12815 1.10986
51008 1.11031
67475 1.11131
67313 1.11616
12824 1.1186
12816 1.12015
12821 1.12048
107673 1.12053
12859 1.12064
51010 1.12158
12808 1.12331
12817 1.12422
12810 1.12431
12812 1.13093
12846 1.134
117841 1.13564
12848 1.13713
12818 1.13783
117837 1.14217
12847 1.14495
12822 1.14752
12811 1.14876
12823 1.15121
12819 1.15341
67314 1.15634
12820 1.15844
117839 1.169
12849 1.17983
117840 1.19097
117838 1.19543
12852 1.21832
12851 1.22633
12853 1.23134
12858 1.23218
12850 1.23562
12857 1.25889
12854 1.30347
12856 1.31096
12855 1.32719
