72836 0.0211712
72835 0.0254358
4090 0.0262116
82561 0.0277557
4089 0.0280117
82061 0.0288164
59400 0.0307041
4088 0.0309884
82748 0.0312102
59401 0.031439
4038 0.031643
82739 0.0316681
124385 0.0318142
82741 0.0318799
4232 0.0320712
48810 0.0322043
27162 0.032226
12596 0.032353
72603 0.0324237
124387 0.0324832
123667 0.0325403
12573 0.0326888
82742 0.032809
82749 0.0328636
16335 0.033129
4037 0.0332955
59399 0.0334091
12566 0.0334179
12593 0.0336708
58244 0.0338359
82063 0.0338749
77419 0.0341214
4091 0.0342323
118506 0.034349
16337 0.0343827
4085 0.0344741
118504 0.0350904
124381 0.0353912
4070 0.0354184
68995 0.0354312
4231 0.035564
48807 0.0356298
72833 0.0356793
4252 0.0357269
4254 0.0357885
12581 0.0358377
54126 0.0359441
12588 0.0360131
72605 0.0360167
79205 0.0361121
4065 0.0361147
59402 0.0362038
60634 0.0362655
82743 0.036305
4255 0.036311
4182 0.036327
3314 0.0364098
103323 0.0365007
82747 0.0366016
82750 0.0366466
30671 0.0366708
79099 0.0366897
30672 0.0369072
30690 0.0369409
4233 0.0370635
4036 0.0371148
26043 0.0371668
12534 0.0372579
12558 0.0373687
72523 0.0373988
3984 0.037411
2400 0.0374309
60630 0.0375529
60635 0.0376401
12552 0.0377204
60633 0.0377994
54117 0.0378425
60620 0.0379815
4250 0.0379846
30692 0.0380349
16333 0.0380709
4187 0.0380896
2430 0.0381247
70624 0.0381457
56239 0.0381667
2399 0.038177
30669 0.0381925
30691 0.038196
26047 0.038197
68966 0.0382053
3313 0.038226
12524 0.0382277
4251 0.0382503
30688 0.0382524
56241 0.0382552
30670 0.0382996
3404 0.0383329
68970 0.0383419
4230 0.0383967
30650 0.0384434
30652 0.0384505
56235 0.0384559
30651 0.0385234
30668 0.0385367
30686 0.0385482
30663 0.0385709
30674 0.0386125
4229 0.0386447
54120 0.0386588
12541 0.0387219
2429 0.0387261
2431 0.0387817
59398 0.0388136
30689 0.0388275
30664 0.0388727
118502 0.0388992
54135 0.0389388
30667 0.0389706
69000 0.0390354
56242 0.0390726
30673 0.0391557
30657 0.0391848
30684 0.0392269
30666 0.0392456
71715 0.0393393
30656 0.0394067
30653 0.0394121
30685 0.0394192
68968 0.0394355
118499 0.0394371
56243 0.0394622
3985 0.0396254
30658 0.039626
77422 0.0396603
30665 0.039668
30655 0.0397524
41438 0.0397584
2401 0.0398375
4253 0.0398463
81670 0.0398968
30654 0.0399179
48803 0.0399413
2428 0.0399549
103325 0.0399708
2426 0.0400343
30662 0.0400511
4248 0.0401392
118496 0.0401933
20793 0.0402232
2427 0.0403155
68967 0.0404162
127900 0.0404203
124014 0.0405313
56232 0.0405995
2398 0.0406259
72831 0.0406593
30661 0.0406601
54113 0.0406808
58074 0.0407146
30659 0.0407622
42107 0.0408428
4247 0.040868
53868 0.0408951
118508 0.0410694
52254 0.0411577
3983 0.0411696
4092 0.0411822
126879 0.0411843
4249 0.0412073
4238 0.0412565
82751 0.0413079
41743 0.0413776
2394 0.0414374
68972 0.0415174
82755 0.0415731
126873 0.0416616
4237 0.0417104
42104 0.0417255
82744 0.0417382
126877 0.0419093
2395 0.0419552
2402 0.0419996
48451 0.0420114
82754 0.0420365
52196 0.0420743
3315 0.0421275
50933 0.0421631
4239 0.0421679
92839 0.0422047
3982 0.0422166
126869 0.0422459
2397 0.0422866
12522 0.0423365
23122 0.0423495
56226 0.0423756
69014 0.0424703
2396 0.042479
72608 0.042537
4240 0.042566
56230 0.0426297
3312 0.0426431
4072 0.0426843
41444 0.0428064
126864 0.0428185
56228 0.0428599
126860 0.04289
41441 0.0429053
58067 0.0430222
27160 0.043051
33046 0.0430749
59052 0.0430816
16323 0.04311
82746 0.0431376
3329 0.0431676
2393 0.0432142
23125 0.0432543
4084 0.0433081
69012 0.0434052
3309 0.0434655
82756 0.0434753
126862 0.0435506
3403 0.0435659
54219 0.0435727
81173 0.0436384
12519 0.0438028
48799 0.0439754
54232 0.0439913
53775 0.0439967
72827 0.0441949
52149 0.0444318
4246 0.0445531
41740 0.0446344
54222 0.0446431
2407 0.0446452
69003 0.0447356
4236 0.0447747
65568 0.044778
82065 0.0447793
3317 0.0448083
48793 0.0448673
52120 0.0450257
58059 0.0451012
82745 0.0451791
51706 0.0452886
68975 0.0453914
77431 0.0455756
33078 0.0455945
77426 0.0456301
3324 0.0457518
3987 0.0457745
4234 0.0457767
54224 0.0458251
59053 0.0458445
2406 0.0458716
77424 0.0458754
51721 0.0459146
3318 0.0459742
51717 0.0459768
59051 0.0460039
82753 0.0460391
16319 0.0460627
698 0.0460631
696 0.0460666
4074 0.0460671
695 0.0460922
3307 0.0461046
697 0.0461438
2411 0.0462117
51709 0.0462529
51719 0.046253
80024 0.0463557
50930 0.0464826
50932 0.0465576
4035 0.0465674
114745 0.0466284
41448 0.0466384
69009 0.0469027
4235 0.0469151
694 0.0469437
51715 0.0469793
4094 0.0469963
4177 0.0470126
23128 0.0471085
4228 0.0471165
65564 0.0471242
51711 0.0471917
2424 0.0472014
51713 0.0472107
4083 0.0472474
77411 0.0472799
3303 0.0472877
52054 0.0473058
82752 0.047409
3615 0.0474628
51966 0.0474803
80020 0.0474991
2403 0.0477305
3326 0.0477712
81667 0.0477995
77361 0.0478916
69005 0.0478943
51913 0.0478962
42101 0.0479278
57454 0.0479815
69007 0.0480352
4260 0.0481231
2405 0.048124
4242 0.0481691
3618 0.0481894
692 0.048239
16314 0.0483299
86648 0.0484617
693 0.0484865
3323 0.0484909
2414 0.048665
51847 0.0486674
2410 0.0487191
42076 0.0488101
42078 0.0488163
3620 0.048834
69074 0.0488365
127093 0.0489217
53772 0.0489877
2412 0.0491372
2404 0.0491631
70606 0.0492624
69076 0.0494111
20775 0.0494279
127087 0.0494646
118211 0.0495107
51937 0.0495109
54200 0.0495151
59403 0.0495819
4198 0.0498263
16316 0.0498303
72824 0.0498311
3327 0.0499329
4082 0.0499598
81176 0.0499648
118210 0.0500216
127092 0.050051
53881 0.0500542
2228 0.0502308
72821 0.0502528
59054 0.050334
118213 0.0504051
127088 0.0504624
50927 0.0505226
97134 0.0505719
107210 0.0505928
72610 0.0506207
4258 0.0506538
59059 0.0506682
127094 0.0508051
54152 0.0508349
45732 0.0509481
60849 0.0511231
2226 0.0511555
59056 0.0511568
2227 0.0511798
27158 0.0512988
4077 0.0513414
4098 0.0513487
53778 0.0513502
23130 0.0514227
118512 0.0515423
4096 0.0515585
2231 0.0516018
70617 0.0516404
42086 0.0516625
72818 0.0517945
118209 0.0520628
2408 0.0520724
3320 0.052117
57444 0.052194
3415 0.0522794
41451 0.0522809
53864 0.0523034
4079 0.0523195
59949 0.0523451
70612 0.0523869
2225 0.0524189
82066 0.0526269
82068 0.0526665
2422 0.0526782
2229 0.0528531
4243 0.0528843
2232 0.0528979
53861 0.0529104
118215 0.0529656
4219 0.0531546
2416 0.0531813
48565 0.053223
2432 0.053346
59058 0.0533714
2230 0.0533803
72217 0.0533857
4259 0.0535262
59392 0.0535785
54106 0.0536059
4225 0.0537146
14548 0.0538334
12513 0.0538403
2418 0.0538846
48568 0.0539318
50934 0.0540129
3299 0.0540178
70628 0.054062
43254 0.0541017
107207 0.0541487
4708 0.0542359
42075 0.0542884
54094 0.0543243
77432 0.0543986
3471 0.0545401
50925 0.0545526
81782 0.0545527
59057 0.0547242
14553 0.0547482
3321 0.0547575
55486 0.0547761
50122 0.0547861
14555 0.054921
2420 0.0549321
109808 0.0549689
82067 0.0549984
53854 0.0550605
72815 0.0551185
70600 0.0551206
41453 0.0551967
80018 0.0551995
81672 0.0552187
3981 0.0552401
3287 0.0552441
4207 0.0554236
55487 0.0555517
82656 0.0556397
118517 0.0557041
4215 0.0557467
54011 0.0558789
118217 0.0558805
59961 0.0559042
55488 0.0559722
71717 0.0560614
53759 0.0560704
61129 0.0562839
55489 0.0563361
53783 0.0563734
4227 0.0565124
81573 0.0565403
48572 0.0567629
2224 0.0568012
60848 0.0568493
107214 0.0570655
95694 0.0571529
65746 0.0572652
55490 0.0573869
2409 0.0574864
109807 0.0575442
82655 0.0576205
56467 0.0576395
27151 0.0576414
4707 0.0576832
4034 0.0577151
56469 0.0577692
119392 0.0578344
54166 0.0579425
23132 0.0579579
60850 0.0579718
4226 0.0580004
86653 0.0580198
54171 0.0580576
75299 0.0581281
54196 0.0581537
50120 0.0581891
3980 0.0583486
61108 0.0586092
53756 0.0588164
54033 0.0588891
60845 0.0591512
56405 0.0592607
2223 0.0592741
54169 0.0593161
4709 0.0594597
53806 0.0594706
54168 0.0595551
43256 0.0597091
41455 0.0599156
2235 0.0600021
72812 0.0600152
109809 0.0600391
4172 0.0602533
56401 0.060291
118219 0.0602989
61109 0.0604382
55491 0.0604554
61133 0.0604685
54175 0.0605105
56403 0.0608119
95711 0.0609254
11836 0.0609742
54187 0.0610352
23134 0.0610635
54170 0.0611423
56399 0.0611755
81777 0.0611941
81662 0.061196
114752 0.0612559
35624 0.0615557
119388 0.0615643
3292 0.0615768
77433 0.0615993
3713 0.0616673
77404 0.0618143
81179 0.0618635
82654 0.0618823
53809 0.0618851
54048 0.0619998
2234 0.0620709
109806 0.0621486
53893 0.0623782
45741 0.0624284
121807 0.0624847
53804 0.0625821
54097 0.0626146
114754 0.0626862
109805 0.0627121
53794 0.0627911
72811 0.062795
118519 0.0628055
23136 0.0628152
54189 0.0629723
53962 0.0630044
53852 0.0630848
2233 0.0631561
81167 0.0636017
80000 0.0636632
11611 0.0637263
80016 0.0637287
53802 0.063816
77445 0.0638445
4713 0.0638713
61110 0.0639873
4706 0.0640286
11601 0.0640286
53954 0.064098
2236 0.0641542
42009 0.0641708
43258 0.0642232
4668 0.0642349
42070 0.0643233
109803 0.0643459
53822 0.0644404
109810 0.0645278
77401 0.064549
42074 0.0646394
72025 0.0647096
50936 0.0647997
21996 0.0648075
77446 0.0648487
60851 0.064955
55492 0.0650229
77358 0.0650545
71714 0.0651514
54173 0.0653132
3716 0.0653297
54193 0.0654406
59388 0.0655122
120654 0.0655661
53803 0.0656111
119385 0.0656576
53918 0.0656617
42007 0.0656809
3295 0.0657458
82652 0.0657574
11610 0.0658497
95725 0.065948
82653 0.0660484
45745 0.0660919
59958 0.066213
53959 0.0662962
80389 0.0663131
77366 0.066385
21387 0.0665697
107200 0.0666139
54041 0.0666501
86631 0.0668312
112103 0.0668953
54087 0.0669946
42071 0.067021
54190 0.0671274
4670 0.0672604
11602 0.0673912
77329 0.0674185
112088 0.0674415
90776 0.0674435
59970 0.0674573
72611 0.0675988
3979 0.0677074
77434 0.0678064
42012 0.0678884
80014 0.0679425
61111 0.0679771
4031 0.067993
26384 0.0680165
43259 0.0680259
112102 0.0680298
80010 0.0682874
41457 0.0683075
82651 0.0683818
121803 0.0685333
77399 0.0685448
81775 0.0685748
11609 0.0686377
53981 0.0687065
82649 0.0687596
82650 0.0687752
118522 0.0688699
77444 0.0689692
21992 0.0689781
72032 0.0690504
81163 0.069066
53941 0.0691269
86223 0.0692019
55493 0.0693414
53930 0.069456
112092 0.0695306
53753 0.0695316
53939 0.0695664
71967 0.0696016
112097 0.0697203
11608 0.0697752
59968 0.0698579
23138 0.0700154
42073 0.0700956
21383 0.070106
11603 0.0701231
54045 0.0701471
3718 0.0702927
70630 0.070549
61093 0.0706837
77322 0.070759
70632 0.0710311
2237 0.0711926
3721 0.071199
11605 0.0712541
54191 0.071266
112095 0.0713517
112100 0.0713525
42072 0.0715704
61094 0.0716887
60852 0.0717259
11607 0.0717432
95743 0.0718388
23140 0.0721295
53851 0.0723547
117799 0.0726209
77435 0.0731101
55135 0.0732057
81655 0.0732191
11843 0.0733592
43260 0.0733754
23142 0.073568
42014 0.0737022
11606 0.0738418
77443 0.0739621
55494 0.0741156
80145 0.0742413
77355 0.0743474
53842 0.0744475
71969 0.0744987
11838 0.0747911
71709 0.0748666
81598 0.0748839
72612 0.0750313
77440 0.0751446
41458 0.0754912
117800 0.075516
117798 0.0755276
54043 0.0755794
61112 0.0755904
11840 0.0755994
81677 0.0758961
77439 0.0759578
26370 0.075994
77436 0.0761094
3719 0.0763334
55141 0.076391
77351 0.0769432
67566 0.0770443
55137 0.0770614
70634 0.0770989
26377 0.0771089
117786 0.0771618
3720 0.07724
4030 0.077269
71702 0.0772697
72020 0.0773017
77332 0.0775522
77438 0.077585
11833 0.0777881
3978 0.0778229
71745 0.0779297
95757 0.0780302
43261 0.0783313
42020 0.0783762
42016 0.0784111
86222 0.0784569
3965 0.0784831
55139 0.0784874
77437 0.0785415
71730 0.0785792
77397 0.0785793
3977 0.0786619
81674 0.0787124
42022 0.0788655
41459 0.079061
67058 0.0792733
42018 0.0796293
71746 0.0796968
2240 0.0801612
117796 0.0803374
2238 0.0804085
35557 0.0804489
77324 0.08045
3975 0.0804845
77370 0.0807449
4026 0.0812298
117791 0.0812345
81681 0.0812872
77336 0.0814013
117801 0.0814885
77328 0.081505
71710 0.0815421
3973 0.0816172
117794 0.0818216
2239 0.0818936
42024 0.0819755
71725 0.0824638
67561 0.0824794
3967 0.0829086
41460 0.083084
77330 0.0833213
71727 0.0838326
14544 0.0842061
77338 0.0844359
3968 0.0844982
117802 0.0845273
67116 0.084749
42025 0.0848147
81645 0.0848262
81649 0.0853863
4027 0.0854713
95764 0.0855567
3969 0.0855915
47251 0.0859203
61113 0.0860199
81639 0.0869836
72034 0.087017
4029 0.0870425
35553 0.0871787
26364 0.0873201
86637 0.0881287
120347 0.0892201
77326 0.0894536
108520 0.089504
118558 0.0895245
120344 0.0900638
42026 0.0901499
118555 0.0901871
4028 0.0908437
3972 0.0909631
118561 0.0913775
80147 0.0914233
81966 0.091463
71713 0.0914712
118565 0.0916044
81629 0.0917375
95770 0.0917941
71743 0.0919259
120350 0.0922556
60482 0.0924275
11831 0.0925146
77395 0.092636
60483 0.0928876
60484 0.0931082
629 0.0931673
118551 0.0931881
3970 0.0937168
77348 0.0945563
21979 0.0948859
71971 0.0952122
628 0.0957877
71737 0.0959372
47252 0.0959695
71747 0.0961137
86220 0.0964798
67054 0.0965273
71696 0.0969622
118149 0.0969968
95775 0.0974938
118570 0.0975457
3971 0.0980404
118591 0.0988482
74712 0.0990539
61115 0.0991357
118148 0.0996192
118547 0.099682
118145 0.0998096
77340 0.100067
77343 0.100169
118542 0.100447
120354 0.100702
67067 0.100747
80396 0.100807
60485 0.101338
72001 0.101435
71711 0.102414
118147 0.102563
95780 0.102951
80732 0.103017
67557 0.103033
86215 0.103069
80727 0.103085
60977 0.104193
26358 0.104239
27683 0.104259
118588 0.104278
120341 0.1046
60985 0.104953
67553 0.105224
118574 0.105518
77393 0.105843
14541 0.106455
71769 0.10672
42027 0.107067
60486 0.107406
95785 0.107875
47254 0.108417
77385 0.108567
77372 0.108852
67549 0.108908
80420 0.10994
118586 0.110359
72044 0.11104
60994 0.111277
71712 0.111348
71778 0.111354
67047 0.111508
21958 0.11172
118577 0.11175
61004 0.112019
108514 0.112385
21970 0.112546
95790 0.112551
81749 0.113438
118580 0.113655
21973 0.113981
11828 0.114085
67077 0.114554
61007 0.114554
60481 0.115201
61009 0.11553
60997 0.115565
118582 0.115676
61003 0.116026
81748 0.116349
95795 0.117042
118584 0.117228
60995 0.117353
77382 0.117472
67088 0.117785
71772 0.118555
60998 0.118959
67050 0.119092
11825 0.119271
95800 0.120724
14538 0.121551
61005 0.121751
95806 0.122063
60999 0.123018
77374 0.123231
95812 0.123861
60996 0.124835
26352 0.125513
47255 0.125706
61000 0.126345
61002 0.12693
50164 0.127081
120338 0.127303
61001 0.128227
60488 0.12858
77376 0.130337
48233 0.130843
67531 0.131268
77380 0.132278
81744 0.132753
67545 0.133026
47256 0.133043
50166 0.133054
50162 0.133918
60480 0.133951
71997 0.134304
74719 0.135204
67044 0.136746
54258 0.137203
56625 0.137831
47257 0.138187
50168 0.138757
48250 0.139057
120334 0.139269
50170 0.139577
108510 0.140037
56623 0.14018
77378 0.140806
47258 0.140926
46050 0.141527
46048 0.141553
48262 0.142174
50160 0.14242
46046 0.145601
60599 0.145652
47261 0.146607
67536 0.147119
47259 0.147237
67041 0.147957
60598 0.148479
46044 0.148663
47260 0.148702
80738 0.149171
67541 0.149227
46051 0.149811
120328 0.150889
60490 0.155433
46052 0.157005
67517 0.15833
106801 0.158535
60479 0.15862
60594 0.160705
121712 0.161294
106799 0.164141
14528 0.165526
121714 0.166213
71988 0.168334
71990 0.168698
120317 0.174823
71986 0.174932
59814 0.175416
121716 0.175501
59811 0.176522
120314 0.178102
85329 0.178566
121718 0.179202
71981 0.18095
85326 0.184828
93295 0.18484
60547 0.189201
85323 0.189437
108650 0.191695
85320 0.194581
93296 0.194674
59820 0.199353
85316 0.200881
93297 0.201946
107013 0.202358
60548 0.203996
107014 0.205412
107015 0.206019
85311 0.207009
60492 0.207224
107017 0.207702
85304 0.207884
107016 0.208074
60546 0.209804
93298 0.210481
60496 0.215607
11784 0.216564
60549 0.219578
60497 0.22049
60508 0.221507
60550 0.222545
93299 0.22329
60493 0.228078
93300 0.232209
60494 0.233714
60498 0.233721
60495 0.235727
60509 0.237016
60545 0.237122
59437 0.238603
60551 0.240999
11786 0.248929
60500 0.251975
60507 0.257058
22330 0.257161
22334 0.259728
60544 0.260029
60543 0.261137
22336 0.264044
89758 0.264176
60542 0.2677
76902 0.271144
89756 0.272843
60502 0.274441
60541 0.275377
60540 0.284503
89754 0.288323
89755 0.291507
111786 0.292886
111791 0.293136
76909 0.293932
40801 0.29502
89753 0.295243
89752 0.296669
60539 0.296691
111788 0.296971
60506 0.297618
40799 0.299701
11787 0.303366
60534 0.307802
40797 0.309194
60503 0.309907
60535 0.310032
89751 0.310375
60536 0.311156
60538 0.313597
108547 0.316832
60525 0.317338
40795 0.318111
108556 0.319205
60533 0.319666
89750 0.320375
60537 0.321308
76916 0.32337
60523 0.324897
60532 0.326759
78852 0.327356
89749 0.328606
40792 0.329047
78853 0.331248
60504 0.331642
60505 0.331931
89748 0.332797
89744 0.334172
89745 0.337667
78856 0.337833
76924 0.338131
108537 0.338758
60520 0.339393
89746 0.339574
89747 0.340232
78854 0.340414
108559 0.3423
78855 0.344054
76926 0.345272
22228 0.35001
22238 0.350175
22233 0.350382
12430 0.351755
11788 0.353657
12437 0.354475
22223 0.355887
22218 0.356224
22213 0.363512
12436 0.365464
7793 0.365999
92989 0.366743
22209 0.36714
7794 0.368936
23474 0.371347
22205 0.37155
12431 0.374161
7796 0.378291
23472 0.379812
108563 0.382029
7800 0.382597
7798 0.384214
7802 0.384662
7804 0.386514
7806 0.389305
23470 0.391458
11789 0.391492
12435 0.392188
7812 0.394628
12432 0.395026
7808 0.401527
23468 0.402118
12433 0.402385
7810 0.40367
7813 0.406904
12434 0.407493
23466 0.411302
23464 0.416913
87274 0.419281
87270 0.423681
87272 0.424068
23462 0.424973
108565 0.426003
87275 0.427209
87268 0.427666
108568 0.428477
87266 0.433283
87276 0.435923
23460 0.43619
63125 0.43661
87264 0.43933
87262 0.440624
87277 0.441734
87260 0.442733
44108 0.442876
23458 0.443735
87258 0.448102
87278 0.44872
87279 0.456497
87256 0.457836
63123 0.458417
86901 0.46356
87280 0.464495
87281 0.473786
86902 0.473839
87282 0.479173
86903 0.482176
63121 0.489066
86904 0.489687
93016 0.495109
86905 0.496512
22890 0.501047
22892 0.501079
22888 0.506375
22886 0.508232
44106 0.514947
44096 0.525728
44098 0.543528
44100 0.555571
86801 0.55969
44105 0.563223
93015 0.563901
93009 0.568365
44103 0.571891
44104 0.577924
54845 0.596711
86796 0.619393
93013 0.620336
93011 0.626357
54855 0.639903
54846 0.651574
86791 0.672702
109005 0.750671
109001 0.77057
