91016 0.00790363
67688 0.0119237
42563 0.0127926
46383 0.0131369
91020 0.0136175
6202 0.0138103
34229 0.0138262
46385 0.0139037
67687 0.0139327
46378 0.0141094
87426 0.0142837
81261 0.01429
34547 0.0144029
105453 0.0144386
42543 0.0144886
18774 0.0146797
18777 0.0147034
4510 0.0148163
58435 0.0149419
4508 0.0149731
18780 0.0150421
100260 0.0150667
6203 0.0150679
7079 0.0152105
71478 0.0152677
34771 0.0153506
49357 0.0154428
67689 0.0154504
42567 0.0154519
61571 0.0155288
7074 0.0155752
6200 0.0156253
18783 0.015627
126694 0.0156465
81260 0.0157091
18801 0.0157269
59207 0.0159075
118662 0.0160267
51803 0.0162445
34231 0.016391
61572 0.0164821
51805 0.0164879
18815 0.016534
49891 0.0165948
100164 0.0166118
34774 0.0166494
100166 0.0166888
87425 0.0167046
49359 0.0167112
67686 0.0167755
57168 0.016836
4506 0.0168695
34551 0.0168772
478 0.0169278
46387 0.0169535
128467 0.0169761
48663 0.0170297
51807 0.0170371
467 0.0170407
48662 0.0170662
49825 0.0170892
9036 0.0170949
49893 0.0171221
51818 0.0171332
100272 0.0171617
49846 0.017162
100165 0.0172349
51801 0.0172588
118661 0.0172616
49758 0.017273
46377 0.0172774
4512 0.0173467
7309 0.0173543
105451 0.0173719
118519 0.0173732
61468 0.017375
9035 0.0173752
42477 0.017377
58436 0.0173984
7310 0.0174369
7307 0.0174483
7308 0.0174499
7311 0.0174827
1870 0.0174835
121061 0.0175121
49851 0.0175383
61573 0.0175452
6882 0.0175478
34505 0.0175653
102651 0.0175817
57181 0.0176012
48664 0.0176172
41051 0.0176182
88400 0.0176355
118525 0.0176518
100167 0.0176607
51822 0.0176751
48056 0.0176758
7312 0.0176833
4488 0.0177399
118305 0.0177435
48672 0.0177511
51890 0.017759
50223 0.0177822
116337 0.0177849
4514 0.0178045
116342 0.0178051
4487 0.0178076
35102 0.0178118
121062 0.017814
61320 0.0178159
100256 0.0178166
1871 0.0178246
61574 0.0178665
81036 0.0178678
109328 0.0179123
49354 0.017934
100245 0.0179453
67685 0.0179459
26324 0.0179503
118659 0.0179628
48665 0.0179739
48671 0.0179744
8462 0.0179766
51749 0.0179776
100263 0.0179889
9034 0.0179925
116334 0.0180209
116330 0.0180222
43796 0.0180407
26054 0.0180646
51768 0.0180831
103164 0.0181038
128477 0.0181068
118346 0.0181107
7350 0.0181236
34507 0.0181265
118646 0.0181383
91023 0.018161
48346 0.0181634
34769 0.0181636
121064 0.0181685
42807 0.0181827
121066 0.0181946
4489 0.0181973
51770 0.0182109
81039 0.0182135
42570 0.0182258
105448 0.0182454
48644 0.0182484
61459 0.0182843
35079 0.0183058
61473 0.0183088
9033 0.0183099
35090 0.0183104
100234 0.0183211
51886 0.0183353
35096 0.0183549
61323 0.0183635
48645 0.0183818
128458 0.0183942
7037 0.0184248
48626 0.0184593
26322 0.0184921
51765 0.0184931
100284 0.018526
3606 0.0185275
100251 0.0185285
50222 0.0185584
130871 0.0185726
48654 0.0185815
48625 0.0186006
9031 0.0186033
26326 0.0186467
100168 0.0186525
51754 0.0186528
100269 0.0186604
100169 0.0186664
93307 0.0186676
51772 0.0186841
87424 0.0186924
81263 0.0187051
100163 0.0187087
7347 0.0187183
61325 0.0187353
100247 0.0187367
42574 0.018743
6199 0.0187737
43899 0.0187978
18824 0.0188339
48341 0.0188591
82238 0.0188844
100275 0.0189278
42572 0.0189324
103170 0.0189477
79468 0.0189619
127054 0.018979
126600 0.0189943
60421 0.0189947
48616 0.0190357
51775 0.0190397
130870 0.0190974
50533 0.0191208
51798 0.0191248
83049 0.0191583
87423 0.0191641
1872 0.019179
7406 0.0191849
50542 0.019187
48615 0.0192275
124402 0.0192326
48607 0.0192433
19045 0.0192555
50544 0.0192678
1877 0.0193055
105444 0.019329
1869 0.0193325
121383 0.0193439
59169 0.0193626
43896 0.0193659
43897 0.0193742
100289 0.0194069
48064 0.0194329
43895 0.019437
116347 0.0194464
67517 0.019455
50546 0.0194622
46376 0.0195016
128468 0.0195061
128457 0.0195422
7410 0.0195432
26329 0.019673
1875 0.0196804
79500 0.0197054
48634 0.019715
8464 0.019716
127900 0.0197163
48635 0.0197213
83043 0.0197235
116758 0.0197613
130237 0.0197713
58404 0.0197765
128635 0.019777
18838 0.0197775
1874 0.0198143
7415 0.0198168
100266 0.0198339
43508 0.0198556
42472 0.0198845
26047 0.0198845
58407 0.0199175
40151 0.0199561
48332 0.0200192
128629 0.0200214
7420 0.0200261
61443 0.0200387
26043 0.0200404
8363 0.0200445
51795 0.0200543
7380 0.0200669
61409 0.020107
67525 0.0201187
81278 0.0201491
50445 0.0201677
16440 0.0201816
34777 0.020184
91010 0.0202079
4515 0.0202399
58410 0.0202558
18857 0.0202915
99231 0.0203078
83046 0.0203355
7422 0.0203491
48334 0.020383
48603 0.0203834
80749 0.0204279
100280 0.0204296
128441 0.0204367
47914 0.0204544
26040 0.0204548
40144 0.0204641
48606 0.0205235
93306 0.0205319
49361 0.0206416
31689 0.0206525
42576 0.0206561
42417 0.0206647
67520 0.0206648
7424 0.0206682
67516 0.0207302
99826 0.0207439
67518 0.0207687
123643 0.0207887
73379 0.0208548
126069 0.0208628
8365 0.020916
7376 0.0209508
7426 0.0209693
128157 0.0209712
48073 0.0209774
6847 0.0209849
42428 0.0210149
40367 0.0210215
121381 0.0210362
99225 0.0211183
16437 0.0212015
6853 0.0212435
46374 0.0212687
119257 0.021282
8367 0.0212855
50483 0.0213236
86499 0.0213695
83053 0.0214007
60430 0.0214437
50508 0.0214979
59127 0.0215237
105455 0.0215729
34197 0.021587
59129 0.0216254
20107 0.0216485
86137 0.0216693
128162 0.021683
42469 0.0217383
124405 0.0217685
40366 0.021853
100494 0.0219035
50550 0.021917
4518 0.0219267
130828 0.0219542
42465 0.0220003
67690 0.0220019
48076 0.0220458
93305 0.0221286
59078 0.0221387
8368 0.0221597
42579 0.0221772
42583 0.0221796
121386 0.0222023
130785 0.0222083
42403 0.0222168
87186 0.0222209
99221 0.0222964
6196 0.0223258
95053 0.0223353
59124 0.0223876
67398 0.0224394
91026 0.0224659
127944 0.0225331
42392 0.0225514
99823 0.0226888
20246 0.0227141
16435 0.0227388
34780 0.0228505
60392 0.0228827
31699 0.0229006
13214 0.0229093
7437 0.0229169
26331 0.0229504
46372 0.0229649
67397 0.0229761
13215 0.0230266
16433 0.02303
93304 0.0230324
126068 0.0230332
81276 0.0230336
127830 0.0230417
59086 0.0230867
101201 0.0230896
86149 0.0230982
89982 0.0231056
20249 0.0231345
99217 0.0231354
34277 0.0231767
57189 0.0231833
87190 0.0231859
101202 0.0232289
7432 0.0232642
123639 0.0232712
82234 0.0233296
58486 0.0233646
50553 0.0233967
41085 0.0233973
20111 0.023427
32094 0.0235337
101200 0.0235887
93302 0.0236182
93303 0.0236285
109327 0.0236359
72020 0.0236555
90240 0.0236622
86146 0.0236713
8369 0.0236748
67540 0.0236834
34287 0.0237093
61352 0.0237308
40365 0.0237316
5240 0.0237918
5239 0.0238154
59120 0.0238385
6843 0.0238902
87188 0.0239155
58488 0.0239254
99818 0.0239889
71972 0.0241115
6195 0.0241674
95014 0.0241792
31183 0.0242074
6856 0.0242228
35460 0.0242735
67535 0.0242797
50555 0.0242946
59093 0.0242959
46370 0.0243327
31723 0.024345
82230 0.024369
5238 0.0244048
87189 0.0244082
126601 0.0244159
32090 0.0244349
6842 0.0244874
67539 0.0244994
109330 0.0245689
50253 0.0245704
31717 0.0245841
72990 0.0245925
123637 0.0246936
81272 0.0247189
40137 0.0247221
82366 0.024781
67396 0.0248275
38951 0.0248911
35465 0.0248948
31713 0.0248952
5243 0.0249221
101199 0.024953
5242 0.0250216
31720 0.0250822
121389 0.0250927
123635 0.0251158
86135 0.0253361
89979 0.0254146
32097 0.0254288
59116 0.0255392
73360 0.0255445
81274 0.0255765
59099 0.0255869
41501 0.0256586
109326 0.0256646
35452 0.0257159
72980 0.0258389
40364 0.0258668
46368 0.0259355
27623 0.0259438
50256 0.0260085
67538 0.0260247
31189 0.0260264
68757 0.0261326
130779 0.0261625
89977 0.0262317
67395 0.0262324
41463 0.0262825
73384 0.0263106
86204 0.026332
46355 0.0263546
59034 0.0263553
86437 0.0263829
32103 0.0264041
123736 0.0264199
82351 0.0264659
59106 0.0266243
32100 0.0268262
100572 0.0268395
32087 0.0268566
34203 0.0268692
90241 0.0268894
26190 0.026898
67393 0.0269038
6858 0.0269918
59111 0.0270837
34783 0.0270839
34291 0.0271454
86436 0.0271695
86439 0.0272286
71480 0.027363
86440 0.0274642
31167 0.027496
6860 0.0275025
27621 0.0275377
121393 0.0275612
40097 0.0275849
50257 0.0275961
95005 0.0276415
126067 0.0276423
35457 0.0276874
40362 0.0276971
91028 0.02775
6862 0.0278288
100574 0.0278556
123735 0.0280206
59032 0.0280316
86434 0.0280425
101198 0.0281534
67372 0.0281775
6864 0.0282337
73003 0.0282885
95509 0.0282929
35454 0.028357
91031 0.0283718
86043 0.0283826
57622 0.0284852
9164 0.0285054
46506 0.0285176
27614 0.0285938
86040 0.0286049
46366 0.0286913
130772 0.0286977
71876 0.0288116
32109 0.0289399
26196 0.0289525
67389 0.0290135
6863 0.0291031
86432 0.0291127
101020 0.0291254
34292 0.0291537
67374 0.0291956
86917 0.029226
9852 0.0293649
46503 0.0294019
40128 0.0294068
86042 0.029455
10165 0.0294564
75644 0.0296303
32085 0.0296647
31176 0.0297236
35336 0.0298118
35339 0.0299372
46535 0.0299444
100576 0.0299861
11513 0.0299957
88529 0.0300134
109332 0.0300276
86037 0.0300292
35343 0.0300506
67370 0.0300541
50258 0.0301059
40358 0.0301451
27618 0.0302395
101197 0.0302538
100575 0.0302629
8178 0.0303294
9163 0.0303816
100577 0.0304317
57624 0.030516
88548 0.0305366
34307 0.0305812
91034 0.03059
67386 0.0306348
112661 0.0306373
87465 0.0306606
67384 0.030794
35346 0.0308454
86915 0.0308665
59037 0.0308972
67377 0.0309037
67381 0.0309179
121642 0.0309946
100560 0.0310032
101196 0.0310422
88543 0.031052
88533 0.0310712
41243 0.0311929
71483 0.0312188
9161 0.031229
88538 0.031245
34129 0.0312576
68832 0.0313586
34300 0.0315575
46542 0.0315722
86919 0.0316238
86650 0.0316347
34788 0.0317624
86424 0.0318476
86428 0.0318881
86474 0.0319146
86429 0.0319303
88535 0.0319448
67368 0.032063
126066 0.0321358
46456 0.032143
86425 0.0321493
95506 0.0321895
86427 0.0322785
40099 0.032332
87461 0.0323957
86426 0.0324253
73093 0.0324496
116763 0.0325043
73001 0.032575
73353 0.0326969
88507 0.0327052
8173 0.032751
41244 0.0327543
101016 0.0327665
35348 0.0328818
86653 0.0329343
46500 0.03302
10504 0.0335093
86921 0.0335843
12326 0.0335997
123711 0.0338696
32400 0.0342055
116693 0.034302
87345 0.0343751
90242 0.0344318
59039 0.0344395
88555 0.0344426
32083 0.0344434
80177 0.0345188
90271 0.03452
88526 0.0345377
9848 0.0345455
73006 0.0345851
10506 0.0347274
90239 0.0347283
40124 0.034762
67366 0.0348852
88515 0.0349013
100552 0.0349215
116703 0.0349595
126065 0.0350321
32112 0.0350371
46543 0.0350491
73083 0.0351357
75886 0.0351446
53249 0.0351824
85966 0.0351858
88510 0.0353361
100602 0.0354589
46461 0.0355255
126634 0.035535
73260 0.0355449
87348 0.035646
6943 0.0356736
116746 0.0358035
9850 0.035993
40100 0.0360164
53266 0.0361516
32075 0.0361945
80175 0.0362286
78688 0.0362572
86654 0.0362783
32079 0.0362907
6802 0.0363918
8170 0.0365597
10054 0.0365837
87340 0.0367653
75889 0.0368305
90268 0.0368788
46466 0.0370078
73296 0.0370215
78687 0.0370423
72966 0.0371533
59041 0.0371863
67691 0.0371961
88523 0.0372152
10508 0.0372594
116711 0.0372722
46546 0.0374078
109336 0.0375654
88569 0.0376002
88477 0.0378288
10488 0.0379087
73329 0.0379115
46544 0.0380288
95504 0.0380451
34798 0.0381032
90265 0.0386314
116593 0.0386485
116603 0.0387088
46478 0.0389191
116779 0.0389422
73010 0.0390672
35351 0.0390755
4221 0.0392706
10159 0.0394425
73013 0.0395614
116772 0.0395958
116705 0.0396519
46469 0.0398209
46470 0.0398451
116708 0.0399026
90262 0.039946
116794 0.04019
63844 0.0402942
40121 0.0404157
34802 0.0404447
10163 0.0405186
40101 0.0406193
75638 0.0406235
11520 0.0406417
90243 0.0406441
75875 0.0406715
63855 0.0409259
73269 0.0409763
72976 0.0412865
116715 0.041336
10510 0.0417949
73285 0.0421196
116697 0.0421499
6799 0.0422288
95494 0.0422389
116717 0.0422924
75629 0.0422931
116718 0.0422952
4225 0.0423598
86923 0.0426861
10026 0.042687
95502 0.0430841
20630 0.0432173
95500 0.043276
95497 0.0433648
90238 0.043384
10161 0.0434276
72961 0.0436009
116769 0.0437505
13989 0.0439127
111973 0.0439556
116771 0.0439661
4223 0.0439716
116736 0.04403
109338 0.0440429
116729 0.0446024
73068 0.0447749
116725 0.0448261
75636 0.0449596
40102 0.0449661
73280 0.0451805
10512 0.045434
35354 0.0454586
75632 0.0454601
72973 0.045766
116785 0.0458349
40118 0.04588
90236 0.046
123705 0.0461607
116789 0.0466666
116770 0.046667
6795 0.0468928
116597 0.0470144
10489 0.0471861
12344 0.0474966
10158 0.0475674
75461 0.0477952
6781 0.0478969
122220 0.0482976
123701 0.0483185
123703 0.0484553
45590 0.048952
111970 0.049477
128866 0.0494979
6785 0.049652
116601 0.049771
111635 0.0499594
87439 0.05119
6788 0.0512365
6778 0.0513406
6792 0.0513573
10487 0.051368
10024 0.0515086
6769 0.0516608
35357 0.0520664
11530 0.0522159
75463 0.0523538
6775 0.052371
111885 0.052506
6772 0.0525416
122223 0.0525865
109340 0.0526881
111631 0.0528909
111932 0.0530415
6767 0.0530514
128870 0.0530716
40116 0.0531764
78668 0.0535866
122260 0.0540079
6757 0.0540655
89756 0.0541135
48826 0.0541197
129744 0.0541299
10490 0.0541434
73059 0.0541575
122225 0.0544639
111629 0.0546399
122256 0.0549367
75465 0.0549641
10486 0.0550434
87440 0.0551774
6762 0.0552706
116599 0.0553929
122258 0.0554355
6764 0.0555803
10157 0.0557654
75469 0.0566612
10485 0.0568682
111976 0.0569919
45905 0.0570693
122228 0.0570813
75742 0.0572658
111965 0.05753
50123 0.0575567
122243 0.0576682
128862 0.05768
111980 0.0577109
48832 0.0577139
75744 0.0577277
69807 0.0585275
7022 0.0586618
45906 0.0588808
122246 0.0588911
10483 0.0589239
89762 0.0589901
31515 0.0591045
86925 0.0594708
85079 0.0596125
10491 0.05973
106497 0.0598166
78669 0.0600687
20639 0.060226
10156 0.0603281
87442 0.0603726
87451 0.0606216
10484 0.0606908
48844 0.0607075
40114 0.0607491
87444 0.0610187
111946 0.0614027
69809 0.061558
69806 0.0616701
13994 0.0618959
45908 0.0622121
87446 0.0622706
69810 0.0623412
10155 0.0625929
109343 0.0627744
87449 0.062913
33660 0.0631289
20647 0.0637125
78670 0.0642568
33657 0.0642592
31517 0.0642799
48847 0.0642829
4028 0.0645312
33663 0.0645805
50129 0.0647568
116587 0.0648542
128872 0.0655242
75471 0.065946
85099 0.0662345
33654 0.0672183
109346 0.0676588
33651 0.0678891
48841 0.0682472
69805 0.0690584
4029 0.06915
7901 0.0692728
109345 0.0708089
10200 0.0710788
10482 0.0712674
33666 0.0713793
86927 0.0716256
22977 0.071766
10197 0.072039
26769 0.0730991
50137 0.0736981
33649 0.0748314
4030 0.0752282
78671 0.0753282
10194 0.0754159
51453 0.0755238
11534 0.0756102
85086 0.0758121
78676 0.0764151
10394 0.0769668
10202 0.0770349
93485 0.0773079
85089 0.0788091
7017 0.0793434
28397 0.0800223
10481 0.0808692
85093 0.0810334
33647 0.0821291
51396 0.0825554
78672 0.0827113
78674 0.0832234
33669 0.0834647
28398 0.0843256
4031 0.0848206
10480 0.085248
26686 0.0856139
28399 0.0865938
22969 0.0873967
50142 0.0876315
28400 0.088203
48850 0.0885822
28401 0.089435
33645 0.0896485
28402 0.0897461
4032 0.0900029
4033 0.0920132
33672 0.0931525
88740 0.0953397
50151 0.0959878
92107 0.0966601
48858 0.0976166
126005 0.0991508
10479 0.0995523
26681 0.100081
126010 0.100601
26684 0.101387
33675 0.101833
7012 0.10276
4034 0.102881
125990 0.103026
49437 0.103815
88742 0.104015
50154 0.105079
48853 0.107013
33678 0.107042
128834 0.108359
26682 0.108441
22963 0.109404
128846 0.111277
129798 0.111646
89420 0.113048
49434 0.113306
126016 0.114314
89423 0.114322
89426 0.115357
49448 0.116782
4035 0.118178
26771 0.119099
42982 0.121023
7009 0.122392
26764 0.122618
49432 0.124378
33626 0.125369
33632 0.125937
26688 0.126013
33635 0.126075
49451 0.126566
128838 0.126966
33629 0.127118
22956 0.127894
42984 0.12968
128842 0.129732
50157 0.130192
49430 0.130504
26774 0.130939
7007 0.131919
129780 0.132524
4036 0.134041
26669 0.135314
26668 0.136234
26762 0.136275
49428 0.136378
26776 0.137014
42986 0.137022
26767 0.138467
26672 0.140144
26778 0.140317
26664 0.140572
26671 0.141149
26665 0.141967
26670 0.143742
22949 0.144459
26666 0.144621
42988 0.144963
49426 0.145122
124649 0.147197
26667 0.147755
42989 0.148657
50158 0.148901
26779 0.149732
22941 0.151949
26690 0.157601
49424 0.158013
4037 0.158405
50159 0.167812
4038 0.171041
11562 0.172118
4039 0.182848
50160 0.18429
49463 0.184987
50162 0.185811
85455 0.187211
26691 0.193925
85454 0.194186
4040 0.198379
85453 0.204201
49468 0.213059
4041 0.214886
26692 0.217156
49469 0.217612
11233 0.217678
11235 0.217847
11237 0.222257
21412 0.225124
4042 0.226058
92861 0.230759
4091 0.23143
26710 0.233435
11232 0.242178
124665 0.251166
21402 0.251271
26708 0.251629
26705 0.253573
92860 0.258565
26693 0.25903
124666 0.261775
72400 0.262825
124667 0.270137
21388 0.276213
72397 0.281521
26703 0.283094
26696 0.288812
124668 0.291242
11378 0.292621
72393 0.299325
26701 0.30372
26702 0.303838
92858 0.30607
72388 0.306801
11377 0.309004
72383 0.310242
92856 0.315229
26700 0.316689
21382 0.319917
72379 0.321715
92859 0.322314
72375 0.322814
72370 0.326535
72367 0.328366
72364 0.328525
72361 0.329206
72358 0.334448
72355 0.343863
11376 0.347048
44637 0.365696
11375 0.384652
11336 0.390213
11334 0.391211
11335 0.39362
21537 0.398225
11333 0.399295
21538 0.416259
11374 0.423558
82756 0.425389
21539 0.428165
11332 0.43235
21540 0.436919
11301 0.440205
11331 0.442666
21541 0.448568
11373 0.450347
21542 0.455477
11330 0.4598
21543 0.461487
10825 0.464902
21544 0.465931
82723 0.466585
21545 0.470445
24043 0.472045
11372 0.472711
21546 0.47297
21547 0.475094
82732 0.486953
82728 0.492949
82736 0.500612
10834 0.502906
82753 0.503926
11371 0.512763
24042 0.520042
82740 0.534873
82745 0.5685
82749 0.572411
11184 0.632944
11162 0.644886
11161 0.647599
11163 0.647813
11183 0.648156
11164 0.650556
11165 0.658192
11166 0.662358
11182 0.663544
11167 0.673175
11181 0.675141
11180 0.683836
11168 0.687326
11179 0.694708
11178 0.69877
11177 0.707751
11170 0.710886
11176 0.716458
11171 0.721039
11175 0.726048
11174 0.727543
11172 0.727889
11173 0.731423
