32507 0.0756163
32508 0.075767
32504 0.0774784
32510 0.0830821
32512 0.0934547
72388 0.0936009
72379 0.0936498
72383 0.0940775
72375 0.0949539
128933 0.0956153
72370 0.0969122
5146 0.0969725
67255 0.0970947
72393 0.0992025
67254 0.099305
72367 0.0999363
72397 0.10102
93461 0.101983
72364 0.102388
92057 0.102934
88687 0.103245
15339 0.10453
33683 0.10482
33686 0.105045
88686 0.105689
32514 0.105907
92054 0.106443
72403 0.106629
92060 0.107542
72400 0.107685
72361 0.108085
67253 0.109819
88685 0.110071
33689 0.110988
93460 0.11105
88684 0.112774
72406 0.113823
92050 0.114064
88683 0.115775
72358 0.115964
128938 0.116748
16127 0.117138
92063 0.117246
88690 0.117361
88682 0.117387
32515 0.118286
72409 0.118627
67252 0.119241
88680 0.120066
93458 0.121128
88678 0.122363
93468 0.123115
72355 0.123413
93466 0.125858
16129 0.126304
72412 0.126506
88675 0.127491
92066 0.128381
67251 0.130143
32516 0.130677
33695 0.130747
92084 0.13154
72351 0.132469
33214 0.133691
38600 0.134497
93285 0.135023
72418 0.135275
92081 0.136517
33696 0.136599
33211 0.136607
33194 0.136904
93286 0.137011
42183 0.13738
38602 0.137848
92078 0.137934
42174 0.138338
92069 0.138594
16131 0.139136
33180 0.139985
72443 0.140392
72447 0.14049
88670 0.141221
33501 0.141384
92075 0.141606
67250 0.14164
33179 0.141917
77893 0.142524
33698 0.142616
72462 0.143244
42184 0.143298
72348 0.143443
72450 0.14353
72457 0.143701
32518 0.14457
77894 0.145228
72467 0.145632
88666 0.145992
72422 0.146059
88663 0.146584
32496 0.146736
72439 0.14703
105374 0.147124
10157 0.147937
33502 0.148228
85400 0.148865
88660 0.149202
20948 0.149266
93289 0.149411
79929 0.150086
93679 0.151038
87358 0.152757
93290 0.153656
31984 0.153844
72435 0.154705
72479 0.155222
33503 0.15534
72428 0.155346
42185 0.155419
31642 0.15575
31987 0.155797
32520 0.156034
31990 0.156258
72344 0.156262
31980 0.156414
71110 0.156665
85402 0.157006
32030 0.157229
32008 0.157601
31993 0.157619
93291 0.15782
32001 0.158023
20944 0.158127
72432 0.15836
32024 0.158666
32083 0.15873
31965 0.158811
31973 0.159027
31996 0.159232
31643 0.159481
86559 0.159631
31960 0.159716
33219 0.159804
47472 0.159866
32013 0.159931
32079 0.160171
32034 0.160239
31730 0.160242
32050 0.160436
32055 0.160546
32065 0.160907
71112 0.161267
32085 0.161345
32017 0.161678
88657 0.161708
31951 0.161748
31644 0.162258
20943 0.162329
32075 0.162521
32061 0.162565
5231 0.162604
32094 0.162643
87360 0.162694
32070 0.162704
32041 0.162912
5232 0.162934
31748 0.163155
122613 0.163266
5233 0.163318
32523 0.163498
5223 0.163835
72483 0.163909
92625 0.163989
72340 0.164641
5222 0.165067
31723 0.165144
31034 0.165217
31036 0.165315
46970 0.166213
31031 0.166291
46847 0.166358
72487 0.166963
111393 0.1673
35910 0.167461
5221 0.167639
109852 0.168097
33221 0.168104
42186 0.168336
58450 0.168365
58442 0.168501
20942 0.168586
35911 0.168833
46980 0.16894
10159 0.16903
31699 0.169124
86563 0.16961
46969 0.169771
85404 0.169792
31377 0.17002
31750 0.17018
109851 0.171239
31379 0.171283
31381 0.171381
58453 0.171543
72336 0.171666
34607 0.171727
35913 0.171766
34609 0.171816
34606 0.171845
20941 0.171878
34605 0.17192
34600 0.171964
34603 0.171978
34604 0.172043
111395 0.17216
99527 0.172222
34602 0.17223
34601 0.172346
86594 0.17238
34610 0.172641
40335 0.172794
72494 0.173098
87362 0.173123
46849 0.173306
58516 0.173444
51953 0.17381
34611 0.173838
35914 0.17388
58518 0.174058
33224 0.174294
72497 0.174464
40358 0.174562
96860 0.174755
46967 0.174868
88654 0.175084
31383 0.17513
58454 0.175371
61212 0.175622
71388 0.175648
58521 0.175695
51954 0.175854
34596 0.176043
99531 0.176243
96853 0.176257
20940 0.176794
51955 0.176976
17432 0.176984
61220 0.177044
34595 0.177135
61222 0.177407
46850 0.177501
58437 0.177526
31385 0.177642
58524 0.177643
32204 0.177647
33228 0.177741
31683 0.178078
79660 0.178083
40362 0.17809
33225 0.178232
33226 0.178641
32528 0.178744
99535 0.178879
79658 0.179137
72332 0.179194
79657 0.17923
34593 0.17935
100412 0.179384
46966 0.179578
19592 0.179587
92635 0.179623
107866 0.179737
40364 0.18015
79656 0.180212
99539 0.180253
58436 0.180301
79655 0.18077
20939 0.180889
19591 0.181159
88696 0.181878
34591 0.181902
99201 0.182093
81185 0.182116
40365 0.182167
58526 0.182423
85405 0.182609
40367 0.182627
99196 0.182661
99198 0.182776
72502 0.183079
99543 0.183136
40366 0.183172
32530 0.183232
100475 0.183344
31389 0.183354
8159 0.183399
19589 0.183416
81196 0.183487
17433 0.18352
99211 0.183842
122817 0.183864
16497 0.18397
4287 0.184046
19220 0.184269
20938 0.18431
16502 0.184818
8160 0.184821
122838 0.184887
122811 0.184901
81168 0.184922
82227 0.184923
122826 0.18493
35524 0.184998
4283 0.185098
122815 0.185101
35522 0.185138
48625 0.185226
94922 0.185278
61564 0.185282
35526 0.185299
122813 0.185353
46963 0.185409
35520 0.185451
31393 0.185498
81180 0.185506
121374 0.185509
35529 0.185533
58528 0.185535
122829 0.185679
81154 0.185944
72329 0.186336
35546 0.186442
35540 0.186453
94920 0.186576
58457 0.186584
16505 0.186597
20937 0.186716
61242 0.186773
35518 0.186841
82230 0.186903
32273 0.186932
61259 0.187022
61230 0.187034
88957 0.187039
61229 0.187079
123107 0.18724
94866 0.187571
81199 0.187739
100583 0.187858
16507 0.187913
31396 0.188093
61273 0.188107
41038 0.18813
31410 0.188143
32216 0.188265
87429 0.188318
50853 0.188537
48616 0.188573
118812 0.188589
123103 0.188608
130481 0.188666
41037 0.188795
61279 0.188863
122937 0.189106
130487 0.189165
82238 0.1892
33039 0.189229
99390 0.189379
99396 0.189419
39434 0.189447
130480 0.189472
81149 0.1895
58459 0.189537
82234 0.189589
122941 0.189689
99387 0.189721
122849 0.189845
130488 0.189929
61565 0.189974
88652 0.190077
50854 0.190136
78149 0.190155
32536 0.19016
41215 0.190257
87428 0.190282
48599 0.1903
99382 0.190308
99384 0.190356
48615 0.190519
130478 0.190583
14802 0.190594
50855 0.190761
41036 0.190762
48606 0.19077
48603 0.190825
32568 0.190868
99379 0.19089
41212 0.190896
32567 0.190937
118811 0.191099
45830 0.191139
58463 0.191188
130477 0.19127
50856 0.191308
51807 0.191315
78150 0.191343
14803 0.191507
72767 0.191518
32537 0.191541
31399 0.191587
31408 0.191607
72694 0.191735
130474 0.191753
51825 0.191767
115721 0.19178
122942 0.191795
72700 0.191813
51833 0.191819
42359 0.191839
58472 0.191891
33040 0.191915
72765 0.192008
130618 0.192015
42358 0.1921
20936 0.192122
72696 0.19215
51818 0.192186
72506 0.192328
130617 0.192335
31897 0.19238
13277 0.192382
14804 0.192405
118818 0.192416
72701 0.192416
42355 0.192489
82242 0.192598
79896 0.192601
45824 0.192633
10502 0.192642
72702 0.192698
58475 0.192805
118807 0.192814
81379 0.192821
42360 0.192823
46958 0.192866
130626 0.192925
99374 0.192953
49846 0.192958
130627 0.19297
118806 0.193236
81213 0.193237
81383 0.193242
41032 0.193444
72326 0.193484
72692 0.193571
72755 0.193678
118805 0.193717
58477 0.193718
58486 0.193725
78151 0.193775
118808 0.193949
58479 0.194046
10504 0.19424
10500 0.194292
119605 0.194299
7311 0.194435
61566 0.194459
81420 0.194477
42361 0.194594
32546 0.194679
118809 0.194743
58488 0.194778
100574 0.195109
121380 0.195215
27250 0.195221
30262 0.195281
115697 0.195352
42362 0.195551
48592 0.195698
123165 0.195796
61570 0.195841
58429 0.195858
87427 0.19591
30265 0.19602
82376 0.196097
99369 0.196112
39430 0.196122
61571 0.19613
100572 0.196146
72691 0.196242
118714 0.196337
42363 0.196618
72635 0.196621
46860 0.19676
81223 0.196854
61572 0.196909
72640 0.19693
85406 0.196942
10498 0.196988
33049 0.197045
31894 0.197071
61573 0.197094
58427 0.197171
27249 0.197239
20935 0.197368
41664 0.197381
88984 0.197385
35952 0.197429
72636 0.197436
72754 0.197531
81120 0.197646
41030 0.19773
61574 0.197868
72690 0.197924
42365 0.197939
8381 0.197976
97009 0.197989
61575 0.198119
82437 0.198151
10495 0.198292
82366 0.198295
42378 0.19844
88969 0.198477
8379 0.198537
128721 0.198555
10103 0.198569
99366 0.198619
121381 0.198628
88974 0.198639
72670 0.198681
72671 0.198858
10106 0.198897
32218 0.198921
42368 0.198925
72632 0.19898
32225 0.199057
82389 0.199156
41259 0.199233
41246 0.199359
59127 0.199618
59124 0.199629
72949 0.199806
99363 0.199837
59120 0.199868
27604 0.199966
59116 0.199989
97012 0.199996
72674 0.20003
72689 0.200127
72669 0.200141
41250 0.200194
27608 0.200227
27601 0.200247
97015 0.200255
59129 0.200274
59111 0.200329
59135 0.200377
42371 0.200456
41027 0.200582
59133 0.200584
59131 0.200638
42373 0.200642
46866 0.200918
59106 0.20108
31891 0.201085
72948 0.201107
72675 0.201159
96739 0.20122
121563 0.201263
72753 0.201292
41256 0.201551
48587 0.201675
72687 0.20169
59099 0.201691
7446 0.201701
46867 0.20171
75894 0.201812
72324 0.201882
7449 0.201936
72688 0.201949
8274 0.20215
72686 0.202177
10108 0.2022
72629 0.202211
59093 0.202212
75641 0.202292
121550 0.202348
58410 0.202454
58418 0.202563
72676 0.202564
72668 0.202626
58416 0.202743
33057 0.202938
87426 0.202968
58404 0.20307
59086 0.203126
27828 0.203152
100528 0.203184
72685 0.2032
72683 0.20323
7452 0.203251
126063 0.203351
61709 0.203396
61706 0.203417
58407 0.203425
75896 0.20354
72681 0.203639
58412 0.203712
72682 0.203745
61704 0.203819
72679 0.20383
58414 0.203867
61695 0.203878
72680 0.203986
61673 0.204045
72684 0.204158
72677 0.204159
61675 0.204191
61671 0.204196
61700 0.204207
61702 0.204274
24259 0.204276
20934 0.204311
72678 0.204314
61682 0.20434
41002 0.204348
41004 0.204382
61678 0.204431
10506 0.204477
88647 0.204884
72604 0.204893
61670 0.204953
41247 0.204987
72609 0.204993
41248 0.205012
126062 0.205182
72626 0.205236
72614 0.205324
72752 0.205389
72509 0.205547
72600 0.205613
32470 0.205807
7456 0.206014
61669 0.206043
41000 0.206174
73408 0.206234
7460 0.206409
40992 0.206488
40994 0.206559
33092 0.206652
40998 0.206715
41020 0.206772
4165 0.207111
72623 0.207345
31887 0.207365
41010 0.20753
61667 0.207575
72596 0.207658
126061 0.207809
87425 0.207925
7462 0.20796
128716 0.20803
115027 0.208157
4169 0.208248
72618 0.20831
4212 0.208317
48585 0.208587
75638 0.208612
72322 0.208883
61665 0.208941
73205 0.209136
10110 0.209205
41011 0.209383
121579 0.209636
72751 0.209786
33090 0.209995
41016 0.210263
87424 0.210408
12089 0.210412
10112 0.210429
75636 0.210446
61664 0.210465
32490 0.21081
31882 0.210904
41012 0.210934
85407 0.211019
42278 0.211036
42282 0.211169
20933 0.211197
10508 0.211222
61663 0.211232
42280 0.211301
61657 0.21148
88427 0.211583
72593 0.211588
61658 0.211801
61659 0.211879
86612 0.212065
61662 0.212067
41013 0.2121
42276 0.212108
41014 0.212126
67669 0.212142
19222 0.212165
41015 0.21225
61661 0.212284
61660 0.212504
90228 0.212709
88429 0.212877
86610 0.212967
86607 0.212987
95058 0.213229
86614 0.213353
10510 0.213521
72750 0.213624
72320 0.213731
72584 0.213903
72587 0.213941
72590 0.213946
42274 0.214096
72581 0.214436
14794 0.214586
48581 0.215031
72810 0.215467
87422 0.215566
10512 0.215599
69508 0.215802
18824 0.215865
115028 0.215972
72805 0.216018
67360 0.216076
72318 0.216199
90215 0.216213
90236 0.216283
72806 0.216387
72749 0.216675
88623 0.216676
72807 0.216834
72812 0.216906
72809 0.216936
72804 0.217194
72808 0.217414
33348 0.217444
14793 0.21764
72811 0.217733
72803 0.217769
67359 0.218145
20932 0.218855
88435 0.21963
14792 0.219693
115796 0.220085
126709 0.220213
72282 0.220748
115762 0.220772
67358 0.220805
87421 0.220855
68478 0.221313
72316 0.221339
72512 0.221366
72285 0.221565
115779 0.221567
48576 0.221731
88438 0.221769
72302 0.221851
72304 0.221891
73203 0.222095
68427 0.222227
24262 0.222248
10486 0.222456
72314 0.222586
84355 0.222928
72306 0.223027
73199 0.223076
72288 0.223191
16198 0.223237
72300 0.223252
126712 0.223295
19223 0.223574
73201 0.223606
111063 0.223615
107782 0.22369
88893 0.223724
72312 0.223811
67357 0.223971
88896 0.224046
72308 0.224094
72297 0.2241
72291 0.224148
115029 0.224321
72310 0.22437
72294 0.224632
126714 0.224786
115773 0.224881
115783 0.225478
115797 0.225504
87420 0.225649
115799 0.225969
32488 0.226051
85014 0.226174
115775 0.226632
109804 0.226738
20931 0.226842
115795 0.226865
10485 0.226966
115782 0.227217
88613 0.227539
88890 0.227721
85408 0.228036
88716 0.22807
128661 0.228417
20927 0.229064
115785 0.229513
72745 0.229974
115030 0.230004
20930 0.230052
109802 0.23018
19224 0.230929
88857 0.231044
84348 0.231088
20928 0.231319
48570 0.231327
115792 0.231481
88853 0.231496
49550 0.231672
88887 0.231737
20929 0.23181
88850 0.232264
72516 0.232346
122170 0.232596
19226 0.232597
88861 0.233006
19227 0.233194
19225 0.233304
32471 0.233387
88863 0.233721
115037 0.233995
122202 0.234723
88859 0.234938
19228 0.235513
72743 0.236219
88847 0.236266
115032 0.236927
115790 0.237089
88872 0.237185
122179 0.23787
88869 0.238096
122177 0.238155
88720 0.238478
88865 0.238569
25598 0.238698
85409 0.238699
88843 0.238973
88867 0.239071
49549 0.239778
48561 0.23981
18838 0.240262
19229 0.240328
108896 0.24066
122199 0.240912
81842 0.24096
32487 0.241519
8245 0.241639
48544 0.24183
72741 0.243231
88839 0.243715
25600 0.243756
19230 0.243825
8247 0.243916
7638 0.244149
107789 0.244465
88836 0.244655
24265 0.244777
7643 0.245259
85027 0.245316
8241 0.245404
19232 0.24549
19231 0.245731
87854 0.245944
88833 0.246669
8237 0.247043
85057 0.247046
7647 0.247401
88725 0.247948
49547 0.248352
72739 0.249101
88828 0.252236
89341 0.253434
49545 0.255097
32472 0.256897
89351 0.257533
88729 0.258584
89361 0.25987
49543 0.26096
18857 0.261185
85411 0.261679
89371 0.262109
15416 0.262395
88820 0.26273
89378 0.262776
24267 0.262789
89375 0.263815
15418 0.264197
7660 0.264742
49541 0.265268
84019 0.265391
15426 0.266614
15420 0.267343
15424 0.26777
15422 0.268057
49538 0.268799
15428 0.269676
11007 0.271664
88734 0.271764
88814 0.272266
49535 0.272304
49533 0.27488
83973 0.276459
73594 0.277708
20873 0.278576
20875 0.278703
20876 0.278728
20871 0.279787
48525 0.280807
16060 0.281045
20869 0.281825
83906 0.282239
47309 0.282723
88736 0.285121
20867 0.285159
73584 0.285383
24269 0.28634
45039 0.287582
88781 0.288825
32482 0.290182
88765 0.292621
11006 0.293421
16061 0.294942
88756 0.295863
88738 0.296885
44852 0.298713
88748 0.301065
32481 0.301783
88740 0.30205
88742 0.303606
88744 0.304586
45035 0.30486
44861 0.305247
16062 0.307423
24271 0.308084
32479 0.308615
32476 0.308968
11005 0.308984
32478 0.309107
44873 0.309663
44877 0.311472
44881 0.313559
16064 0.317179
45031 0.317726
44888 0.323171
16067 0.324522
45027 0.325145
11004 0.325373
44811 0.326691
16070 0.332072
16072 0.335768
16625 0.336115
11244 0.350885
11002 0.35108
11000 0.373127
19171 0.374078
10998 0.390367
19170 0.391612
19169 0.40362
92870 0.405135
10996 0.406368
10994 0.40996
10990 0.411529
10992 0.413304
92879 0.415089
19168 0.416128
92878 0.416562
10988 0.417425
92877 0.420346
92880 0.421163
10985 0.423284
92875 0.425212
19167 0.425517
92797 0.430562
10980 0.431018
92882 0.43172
92822 0.432382
92825 0.432863
19166 0.433733
92860 0.445789
4073 0.449707
4072 0.454632
4071 0.459548
92859 0.460994
92884 0.463233
4070 0.463272
4069 0.465949
92858 0.46755
4068 0.469527
24468 0.471689
4067 0.472082
92856 0.475392
92847 0.476327
92853 0.479637
92886 0.488201
92900 0.492973
24458 0.493027
92899 0.506525
24331 0.513952
92898 0.514771
24442 0.521227
92888 0.52279
24333 0.5257
92897 0.526648
92896 0.534057
24421 0.534573
92890 0.538456
92895 0.539494
92892 0.543747
92894 0.544248
92893 0.54514
