0 65407
49 22398
50 512
51 22140
52 512
53 6004
54 516
55 512
56 576
58 548
60 516
61 8228
62 10999
64 8404
65 8900
66 8934
67 8958
68 10986
69 2810
70 43770
71 43775
72 45055
73 44795
74 44927
75 44919
76 44918
77 52966
78 20196
79 20197
80 52463
81 61167
82 61103
83 61167
84 61167
85 61183
86 61178
87 61438
88 28670
89 53244
90 53244
91 53244
92 53244
93 53244
94 53244
95 53244
96 53244
97 53244
98 53240
99 52720
100 52720
101 52720
102 34944
103 52624
105 33024
107 52624
110 144
112 400
115 16
119 16
122 16
130 16
141 16
148 16
153 16
158 16
167 16
178 16
186 16
192 65535
201 512
210 512
220 512
225 512
237 16384
269 65535
310 16
315 16
318 16
322 16
327 16
330 16
332 16
334 48
336 560
338 544
340 544
341 32
342 32
343 32
344 32
345 32
346 544
348 32
349 32
350 1632
352 32
353 32
354 32
355 32
356 32
357 32
358 32
359 32
360 32
361 32
362 26464
364 59232
366 59248
368 288
369 1056
370 59376
372 1024
373 1024
374 59248
376 1536
377 512
378 512
379 512
380 576
381 576
382 576
383 64
384 64
385 64
386 64
387 64
388 64
389 64
390 22352
392 22353
394 22353
396 22352
398 1872
400 1360
402 1360
404 17744
406 3408
408 19792
410 2048
411 2048
412 2176
413 2176
414 2176
415 16
416 16
417 2064
418 2128
420 2128
422 2048
423 2048
424 2048
425 2128
427 2048
428 2048
429 3072
430 3072
431 3072
432 2048
433 34816
435 2048
436 2048
437 2048
438 34816
439 34816
440 35840
441 35840
442 2048
443 2048
444 2048
445 2048
446 2048
448 2048
450 2048
452 65535
454 544
455 544
456 544
457 544
458 544
459 32
460 544
462 32
464 512
468 32
470 16384
473 16384
476 16384
480 17408
486 1024
488 544
491 32
493 32
497 544
502 32
508 32
526 32
544 32
556 32
559 1024
562 1024
566 1024
568 1024
570 1024
572 1024
574 65535
578 128
582 128
585 128
589 128
590 128
592 128
594 128
596 2048
600 2176
602 2176
604 2240
606 3304
608 128
609 192
610 192
611 192
612 1088
613 1216
614 1088
615 1088
616 1088
617 1088
618 1088
619 1088
620 1088
621 1088
622 1120
623 1120
624 1120
625 17504
626 1088
627 1120
628 1120
629 1120
630 1088
631 1088
632 17472
633 17408
634 16384
635 17952
637 1536
638 1568
640 32
641 32
642 544
643 544
644 544
645 544
646 544
647 544
648 32
649 544
650 32
651 32
652 32
653 32
654 32
655 32
656 32
657 32
658 32
659 32
660 32
661 32
662 32
663 32
664 32
665 32
667 544
670 816
673 48
675 32
676 32
677 369
679 16
680 16
681 16
682 16
683 16
684 48
686 304
688 16
689 16
691 16
693 16
696 16
702 16
710 16
719 16
723 16
730 65535
733 1536
736 512
757 16384
769 24576
774 8192
777 8192
779 8704
783 512
786 24576
788 24576
789 24576
790 26112
791 26112
792 9728
793 1536
794 1536
795 1536
796 1536
797 512
798 512
800 1024
803 1536
805 512
806 1536
807 1536
808 1536
810 1536
811 1536
812 1536
813 512
814 512
816 512
817 1536
820 1536
824 1024
825 1536
828 1536
830 9728
833 9216
835 1024
836 1024
837 9216
839 1024
840 1024
841 1536
843 1024
844 1024
845 1024
846 26112
848 16896
850 1536
853 1024
855 16384
858 16384
860 1024
862 1024
864 1024
865 65535
867 65535
899 25088
902 16384
904 25600
906 24576
908 16384
909 16384
910 24576
911 25088
913 512
914 25088
915 25088
916 25088
917 24576
918 25344
919 26466
920 26470
921 26470
922 26214
923 28262
924 61028
925 61029
926 61037
927 61037
928 61037
929 61037
930 61165
931 61164
932 52942
933 52942
934 52426
935 52424
936 50240
937 50240
938 50240
939 58432
940 58944
941 58944
942 58946
943 26176
944 26176
945 26176
946 51264
947 18560
948 28352
949 27840
950 19648
951 2112
952 64
954 1088
956 1024
957 26176
959 17408
961 25600
963 24576
964 24576
965 24576
966 26112
967 9728
968 9728
969 9728
970 1536
971 1536
972 1536
973 2560
975 2048
977 3648
979 1024
980 1536
981 1536
982 1536
983 1536
984 1024
986 25600
988 25600
990 8192
992 26112
995 16384
997 16384
998 26112
1000 26112
1002 1536
1003 512
1004 1536
1005 26112
1006 26112
1007 17920
1008 25600
1009 25600
1010 8192
1011 8192
1012 25600
1013 17408
1014 17408
1015 1024
1016 1024
1017 1152
1018 17536
1019 17536
1020 17536
1021 17536
1022 17552
1023 17536
1024 17408
1025 17408
1026 17408
1027 1024
1028 17440
1029 17440
1030 17440
1031 17440
1032 17440
1033 17408
1034 17416
1035 1056
1036 1056
1037 8736
1038 8736
1039 8736
1040 8736
1041 8736
1042 8704
1043 8704
1044 8704
1045 8704
1046 8704
1047 8704
1048 8736
1049 8736
1050 8736
1051 8736
1052 13088
1053 13088
1054 13088
1055 8992
1056 13088
1057 8992
1058 8992
1059 65535
1060 64
1078 80
1108 65535
1158 65535
1206 256
1246 65535
1267 16384
1268 16384
1270 16384
1271 16384
1273 512
1300 768
1313 512
1314 512
1315 3264
1322 3296
1324 1248
1325 4083
1327 1024
1328 512
1335 32
1338 32
1341 512
1345 512
1348 512
1355 512
1359 64
1369 64
1378 64
1379 64
1387 65535
1389 128
1392 1536
1394 1536
1395 1152
1397 1536
1400 512
1404 65535
1407 97
1409 1395
1411 83
1412 65
1413 99
1414 3
1415 50
1416 96
1417 307
1419 32
1420 32
1421 65535
1422 64
1427 16
1431 18
1434 256
1437 4368
1440 65535
1443 8192
1444 8192
1445 8192
1447 512
1450 64
1454 65535
1463 4096
1465 12288
1468 8192
1470 8192
1472 8192
1474 8192
1475 12864
1477 8192
1478 8192
1480 8256
1482 64
1484 64
1486 65535
1488 64
1493 64
1498 65535
1507 4160
1510 4160
1513 4160
1517 4096
1520 4096
1523 4096
1527 4096
1529 4096
1530 4352
1531 800
1532 544
1533 8704
1534 24576
1535 16384
1536 24576
1538 65535
1540 8192
1542 8192
1544 8192
1546 9248
1548 25600
1550 24608
1552 8224
1554 8192
1555 24576
1557 24576
1559 24576
1561 24576
1562 24576
1563 24576
1565 24576
1566 65534
1567 12392
1568 104
1569 12376
1570 14424
1571 2056
1572 11468
1574 1088
1575 128
1576 2184
1577 2296
1578 14568
1579 14496
1580 14464
1581 4256
1582 4224
1583 12288
1584 12288
1585 32
1586 32
1587 32
1588 16416
1589 16416
1590 32
1591 8224
1592 16416
1593 26720
1594 10304
1595 2624
1596 2624
1597 2132
1598 2388
1599 57343
1600 4
1612 64
1617 68
1620 65535
1623 4096
1629 32
1632 32
1635 32
1641 32
1644 32
1646 32
1648 8192
1649 8192
1650 8192
1651 8192
1652 8192
1653 65535
1656 57176
1657 39256
1658 39252
1659 37173
1660 37136
1661 39224
1662 39256
1663 39376
1664 39416
1665 39416
1666 6582
1667 6558
1668 4502
1669 4502
1670 4368
1671 4368
1672 6416
1673 6419
1674 7568
1675 22928
1676 18706
1677 20368
1678 1872
1679 13941
1680 13921
1681 25088
1682 9844
1683 10102
1684 17748
1685 18292
1686 18256
1687 22322
1688 30643
1689 32691
1690 65535
1691 32
1694 32
1698 2048
1712 2048
1714 2048
1715 65535
1717 1024
1719 17408
1720 16384
1721 1088
1725 1088
1729 16448
1735 64
1738 65535
1743 40946
1744 39666
1745 6898
1746 6866
1747 15090
1748 15059
1749 11248
1750 11255
1751 2803
1752 12243
1753 13265
1754 11187
1755 43987
1756 43761
1757 2786
1758 2786
1759 2274
1760 2242
1761 35010
1762 35058
1763 3826
1764 3826
1765 3314
1766 3187
1767 1105
1768 1136
1769 22128
1770 22114
1771 18034
1772 1650
1773 34162
1774 1378
1775 1120
1776 1122
1777 1122
1778 18018
1779 65407
1780 32768
1781 34816
1782 34816
1784 34944
1785 34952
1786 32904
1787 32776
1788 32776
1789 32896
1790 128
1791 128
1792 34816
1793 32768
1794 32768
1795 16392
1797 2056
1799 65535
1801 12543
1802 13055
1803 13055
1804 13055
1805 46079
1806 46079
1807 46078
1808 1022
1809 1022
1810 1022
1811 3070
1812 3070
1813 996
1814 992
1815 800
1816 8992
1817 8736
1818 8736
1819 9056
1820 65535
1822 2816
1823 768
1824 784
1825 816
1826 816
1827 816
1828 784
1829 8976
1830 8960
1831 8960
1832 8960
1833 8448
1834 1280
1836 9472
1838 1792
1840 768
1842 65535
1843 32
1845 608
1847 544
1848 512
1849 544
1851 544
1853 512
1854 544
1855 544
1856 512
1858 608
1859 544
1860 544
1862 544
1864 516
1866 65535
1868 65535
1902 2112
1917 65535
1934 32
1935 16432
1936 8208
1937 8208
1938 8464
1939 12304
1940 12304
1941 12816
1942 30000
1943 29744
1944 23888
1945 39216
1946 35616
1947 4128
1948 36896
1949 38944
1950 38944
1951 18464
1952 544
1953 544
1954 4864
1956 1536
1957 1312
1958 17776
1959 65535
1960 25344
1962 17184
1964 546
1965 34
1966 8194
1967 34
1968 34
1969 32
1970 32
1971 1120
1972 1056
1973 544
1974 32
1975 16
1976 257
1978 257
1979 257
1980 256
1981 273
1983 33105
1985 65535
1987 8192
1992 8192
1994 1536
1997 8192
2001 8192
2004 8192
2006 8192
2008 24576
2011 65535
2015 28256
2016 28256
2017 60992
2018 34368
2019 34368
2020 17472
2021 50368
2022 33984
2023 35008
2024 51392
2025 51328
2026 43136
2027 43136
2028 43136
2029 10368
2030 10240
2031 32768
2032 32768
2033 8704
2035 1536
2037 1024
2039 1536
2042 8192
2043 8192
2044 8192
2045 8192
2046 32768
2048 32768
2049 32768
2051 65535
2052 5922
2054 544
2055 17952
2056 8736
2057 8736
2058 16384
2059 8192
2060 25088
2062 8192
2063 8704
2064 8704
2065 8192
2066 512
2067 512
2068 8256
2070 8768
2072 8256
2074 8768
2075 8192
2076 8256
2077 8768
2078 8192
2079 8256
2080 65535
2081 64
2082 64
2083 64
2084 64
2085 64
2086 64
2087 64
2088 64
2089 64
2090 1088
2091 1088
2092 1088
2093 1600
2094 1600
2095 9280
2096 9280
2097 1088
2098 1088
2100 1024
2103 9216
2105 65535
2111 32768
2112 32768
2113 50180
2115 25132
2117 8236
2119 36
2121 32806
2123 34
2125 2
2126 1030
2128 1039
2131 50
2133 34
2134 34
2135 32
2136 12
2138 42
2139 42
2140 34
2141 34
2142 65535
2144 256
2147 32
2150 32
2152 32
2154 544
2156 32
2158 32
2160 544
2162 32
2164 64
2166 65535
2167 16
2173 48
2177 544
2179 512
2180 32
2181 32
2183 512
2186 65535
2189 1011
2190 1011
2191 755
2192 739
2193 738
2194 226
2195 198
2196 198
2197 198
2198 198
2199 198
2200 230
2201 134
2202 166
2203 742
2204 742
2205 230
2206 230
2207 228
2208 228
2209 228
2210 228
2211 65535
2212 1536
2215 512
2219 512
2223 768
2226 512
2228 512
2229 512
2231 512
2233 512
2234 512
2235 16384
2238 65527
2243 1776
2249 4082
2253 752
2256 51447
2263 509
2271 4095
2278 65535
2283 32
2290 34304
2305 37376
2307 3
2330 1
2333 35
2336 33
2338 1
2340 33
2342 1
2345 12
2349 12
2351 14
2352 16398
2354 14
2355 12
2356 8
2357 12
2358 14
2359 14
2360 17486
2362 14
2363 8
2364 4
2365 8192
2375 65535
2408 64
2414 64
2418 64
2423 16384
2426 16384
2429 16384
2431 16384
2433 16384
2435 16384
2438 17408
2444 1024
2452 4
2456 1024
2462 1024
2472 512
2484 544
2489 32
2493 512
2496 16384
2501 16384
2504 32
2508 32
2511 32
2514 560
2516 48
2518 48
2520 48
2522 16
2523 49
2525 49
2527 305
2529 33
2531 32
2533 551
2536 4
2538 167
2540 35
2542 160
2545 4352
2547 4096
2549 4128
2551 4128
2552 12288
2553 12288
2554 12320
2556 1
2557 51
2558 51
2559 4375
2560 4119
2561 4119
2562 36951
2563 36951
2564 32855
2565 32855
2566 34903
2567 2263
2568 2263
2569 208
2570 144
2571 247
2573 181
2575 161
2577 160
2579 64
2581 64
2583 64
2585 65535
2587 8192
2590 8192
2595 8192
2598 8192
2603 1024
2607 8192
2610 8192
2613 8192
2619 8192
2622 8192
2626 8192
2635 8192
2639 8192
2641 8192
2644 32767
2646 529
2651 512
2655 64
2658 64
2662 64
2665 64
2667 64
2669 32833
2671 577
2673 1024
2674 513
2678 576
2681 64
2683 64
2685 64
2687 576
2689 64
2690 64
2692 64
2694 32
2698 32
2702 9056
2706 1
2708 8193
2710 8192
2712 8448
2714 8192
2715 8256
2716 8192
2717 4096
2718 4096
2719 4160
2720 5184
2721 1088
2722 64
2723 64
2724 576
2726 64
2727 64
2728 64
2729 117
2732 64
2733 112
2736 16
2738 16
2740 1072
2742 32
2744 32
2746 48
2749 4096
2752 4096
2754 4096
2757 32
2760 32
2763 8224
2767 48
2775 512
2777 512
2779 1040
2785 16384
2788 32832
2792 32768
2795 544
2799 64
2803 32
2807 160
2811 128
2814 128
2818 128
2820 2240
2822 2112
2824 64
2826 64
2828 64
2830 64
2832 64
2836 64
2839 64
2841 2048
2843 65535
2845 32
2881 8192
2893 2
2901 2
2924 32
2938 8192
2945 8192
2953 49151
2975 1
2986 4096
2992 16
3004 16
3010 32
3030 65535
3031 8192
3038 32
3045 32
3049 32
3053 32
3057 8192
3066 32
3072 65535
3104 64
3110 114
3113 32
3115 2
3118 2
3120 3
3122 3
3124 83
3126 16466
3128 16450
3130 16962
3132 16451
3134 16499
3136 2
3137 2
3138 2
3139 19
3140 3
3141 3
3142 3
3143 19
3144 17
3145 1
3146 9283
3148 1218
3150 64
3151 1090
3152 194
3153 195
3154 203
3155 203
3156 75
3157 67
3158 65
3159 64
3160 64
3161 64
3162 1121
3164 115
3166 81
3168 200
3170 128
3171 130
3172 130
3173 138
3174 130
3175 202
3176 2
3177 2
3178 2
3179 171
3181 171
3183 53931
3185 16416
3187 34
3189 16418
3192 16416
3196 4352
3200 64
3205 64
3210 64
3216 64
3221 64
3229 64
3236 65535
3241 64
3247 64
3253 61439
3270 8192
3273 8192
3275 16416
3280 32
3283 32
3288 32
3301 32
3304 16384
3306 32
3311 16384
3319 16384
3322 17408
3325 32
3331 61439
3341 8192
3350 8192
3355 16384
3359 16384
3362 16384
3366 65535
3374 2048
3382 4096
3386 4096
3388 8192
3395 8192
3398 8192
3401 8192
3403 8192
3406 8192
3415 8192
3416 24576
3418 8192
3421 8192
3423 8192
3427 24608
3434 24576
3436 8192
3438 8192
3442 24576
3445 4096
3448 256
3451 256
3453 256
3455 4352
3457 4096
3458 4352
3460 4096
3462 256
3465 32
3470 32
3473 65535
3476 128
3483 128
3488 128
3492 128
3495 128
3498 128
3500 128
3505 2048
3511 2048
3517 16
3523 64
3535 64
3544 2048
3558 1
3570 65
3584 4096
3616 16
3620 16
3624 49
3627 48
3629 4211
3631 35
3632 67
3633 355
3634 355
3635 323
3636 259
3637 259
3638 291
3639 291
3640 289
3641 289
3642 33
3643 33
3644 33
3645 33
3646 33
3647 1
3648 301
3650 33
3651 45
3653 33
3654 33
3655 33
3656 47
3658 47
3660 39
3662 39
3664 38
3666 8231
3668 39
3670 35
3672 39
3674 8227
3676 40994
3679 8192
3687 8192
3691 2
3697 2
3704 512
3711 2
3721 2
3736 65535
3740 34
3747 34
3750 8192
3752 32
3754 32
3756 32
3764 2
3779 8192
3787 8192
3791 8192
3797 32
3807 8192
3811 32
3816 32
3820 32
3824 8192
3838 8192
3847 8192
3849 8192
3851 512
3854 512
3856 512
3858 512
3860 512
3868 512
3871 8192
3874 8192
3877 8192
3886 8192
3895 8224
3899 32
3902 32
3908 32
3912 32
3918 32
3929 512
3951 512
3954 512
3956 32
3960 2
3964 34
3967 34
3970 32
3972 544
3975 32
3978 34
3988 65535
4005 4
4030 4
4044 4
4074 65535
4092 512
4096 512
4097 512
4103 32
4110 8192
4116 8192
4120 8192
4128 8192
4130 8192
4132 4096
4138 64
4150 32
4155 32
4158 32
4161 32
4163 32
4165 32
4167 32
4169 32
4172 32
4175 32
4177 512
4180 512
4182 512
4184 1312
4187 256
4189 65535
4194 8192
4199 8192
4202 8192
4205 16
4209 32
4214 32
4226 65535
4232 2
4276 8896
4280 128
4283 8948
4286 736
4288 64
4289 64
4290 704
4291 1764
4292 64
4293 18148
4295 64
4296 18116
4298 18148
4300 20196
4302 20196
4304 68
4305 1092
4306 68
4307 1092
4308 20036
4310 20037
4312 19460
4314 19524
4316 19520
4318 19524
4320 1088
4322 3072
4324 19457
4326 19525
4328 3077
4331 19972
4335 27717
4340 65535
4345 65535
4388 512
4411 512
4424 512
4441 512
4460 512
4496 32
4514 512
4556 512
4562 512
4565 512
4568 512
4576 512
4592 512
4595 32
4608 65535
4614 512
4638 1024
4643 1024
4645 1024
4687 1024
4725 1024
4727 1024
4730 1024
4735 1024
4746 1024
4751 1024
4757 1024
4759 1024
4761 1024
4763 1024
4765 1024
4770 1024
4775 1024
4778 1024
4781 1024
4783 1024
4786 1024
4790 1024
4796 65535
4798 32
4852 65535
4931 1024
4943 1024
4955 65535
5020 64
5025 1088
5029 1024
5032 64
5037 1040
5043 1024
5047 512
5050 512
5053 512
5055 512
5057 1536
5064 512
5067 512
5072 64
5092 65535
5097 1024
5109 1024
5121 8192
5157 512
5162 512
5169 512
5175 32
5184 512
5193 512
5195 512
5197 32
5200 32
5202 32
5205 8192
5210 8192
5215 8192
5229 544
5255 8192
5257 4096
5261 4096
5277 65535
5287 1024
5296 1024
5299 1024
5301 1024
5302 1024
5303 50176
5305 33792
5306 33792
5307 1024
5308 1024
5310 1024
5314 32768
5327 16384
5330 32768
5331 49152
5332 16384
5333 16384
5334 17408
5335 16384
5336 16384
5337 1024
5339 1024
5343 1024
5351 1024
5359 1024
5362 1024
5364 1024
5371 16384
5378 32
5381 32
5383 32
5386 32
5391 512
5395 512
5407 512
5415 512
5417 512
5419 512
5422 65535
5423 65535
5466 32
5471 32
5480 512
5586 32
5605 32
5612 32
5618 32
5658 32
5664 512
5669 512
5672 512
5676 32
5689 32
5706 32
5721 32
5744 544
5750 65535
5755 512
5764 512
5771 512
5810 65535
5814 4096
5836 8192
5869 8192
5871 8704
5874 8192
5876 8704
5880 8192
5881 8192
5885 8192
5891 8192
5909 8192
5953 8192
5965 8192
5969 8192
5974 8192
5977 8192
5982 8192
5988 8192
5994 8192
6011 8192
6019 65535
6021 16
6075 65535
6080 64
6133 64
6150 65535
6175 8192
6187 8192
6199 8192
6205 8192
6207 8192
6209 8224
6212 8192
6216 8192
6218 8224
6223 8192
6228 8192
6232 24576
6235 57344
6241 45056
6244 40960
6246 33824
6248 32
6249 65535
6250 32
6253 34
6255 34
6257 1059
6259 1571
6261 34
6262 34
6263 34
6264 546
6265 546
6266 17954
6268 578
6270 1603
6272 514
6273 514
6274 515
6275 515
6276 8707
6277 5763
6278 13507
6279 13763
6280 13787
6281 14314
6282 14282
6283 10218
6284 10222
6285 10214
6286 9958
6287 10182
6288 28118
6289 20447
6290 20479
6291 20479
6292 57341
6293 65533
6294 65533
6295 65533
6296 56829
6297 56829
6298 57336
6299 40889
6300 40891
6301 39867
6302 65535
6303 16401
6305 17
6306 17
6307 17
6308 1
6309 4864
6311 12576
6313 4352
6314 4352
6316 256
6319 512
6321 16928
6323 25120
6325 25088
6327 9216
6329 25152
6332 17408
6334 1024
6336 4
6342 65535
6345 32768
6347 48
6351 115
6353 35
6354 35
6355 35
6356 35
6357 35
6358 35
6359 35
6360 4095
6362 36079
6364 32
6365 32
6366 32
6367 36453
6369 35909
6371 33905
6373 1088
6375 1088
6377 1024
6379 16
6384 48
6388 32
6391 32
6393 32
6395 32
6398 32
6402 32
6408 32
6419 544
6428 32
6432 32
6435 32
6438 32
6442 32
6450 65535
6453 16384
6455 16384
6457 32
6463 1024
6467 16384
6470 16384
6472 32
6474 32
6478 32
6481 32
6485 32
6489 16384
6501 12288
6502 12800
6503 544
6504 32
6505 32
6506 32
6507 32
6509 544
6511 32
6513 32
6516 65535
6518 32
6548 32
6566 65535
6575 32
6581 32
6584 16384
6590 8224
6618 12320
6621 4096
6625 32
6636 32
6639 4096
6641 4128
6643 8192
6644 8192
6645 8192
6646 24576
6647 16384
6648 16896
6649 512
6650 512
6651 1536
6652 1536
6653 21504
6654 20480
6655 512
6658 32
6663 32
6674 65535
6687 32
6707 32
6724 32
6745 65535
6762 32
6780 32
6786 8224
6793 32
6798 32
6802 32
6807 32
6809 32
6811 32
6813 4096
6815 5152
6818 65535
6821 32
6832 32
6838 32
6853 65535
6858 1024
6863 1024
6866 1536
6869 512
6871 512
6873 544
6875 32
6876 33
6877 34817
6878 34865
6879 51379
6880 51379
6881 59455
6882 59455
6883 59551
6884 59549
6885 35007
6886 35006
6887 35068
6888 35012
6889 34998
6890 2214
6891 32940
6892 228
6893 32868
6894 36589
6896 1024
6897 17408
6899 16965
6901 24576
6904 8192
6906 16384
6908 24576
6910 9728
6912 1024
6913 1536
6914 512
6915 1536
6917 1600
6919 64
6921 68
6923 64
6924 64
6925 64
6926 64
6927 1088
6928 1088
6929 1024
6930 1024
6931 2116
6933 2048
6934 3264
6936 64
6937 64
6938 64
6939 64
6942 1024
6947 1024
6949 1088
6951 64
6952 64
6953 64
6954 33486
6956 142
6957 138
6958 32906
6959 33418
6960 35018
6961 35016
6962 34952
6963 2188
6964 2188
6965 2188
6966 2180
6967 2180
6968 2180
6969 2180
6970 34956
6972 168
6974 552
6976 520
6978 8
6979 8
6980 8
6982 4104
6984 264
6986 65535
6987 8
7000 8
7003 8
7005 296
7007 17900
7009 8
7010 8
7011 12
7012 12
7013 12
7014 12
7015 12
7016 76
7017 332
7018 348
7019 16860
7020 16860
7021 16860
7022 16860
7023 16588
7024 16588
7025 57548
7026 26316
7027 26316
7028 26316
7029 26316
7030 27340
7031 27340
7032 27276
7033 27332
7034 27268
7035 10884
7036 41604
7037 41604
7038 41092
7039 8324
7040 8324
7041 8196
7042 4
7043 4100
7044 4100
7045 4100
7046 4102
7047 4
7048 4100
7049 4096
7050 4096
7051 4096
7052 5314
7054 5250
7056 4096
7057 5858
7059 5250
7061 5120
7063 5120
7065 5120
7068 5120
7071 1024
7075 4096
7083 65535
7109 64
7113 64
7115 64
7117 64
7119 64
7121 64
7123 64
7126 50240
7129 1088
7131 1024
7132 1024
7133 33792
7134 35904
7135 35840
7136 34820
7137 34944
7138 35040
7139 35040
7140 34978
7141 34946
7142 34946
7143 34954
7144 34954
7145 2186
7146 6282
7147 6312
7148 6312
7149 7840
7150 680
7151 682
7152 3818
7153 61162
7154 28654
7155 32750
7156 32749
7157 14317
7158 5056
7159 320
7160 448
7161 224
7162 224
7163 192
7164 8961
7166 256
7167 2048
7168 2304
7170 8192
7176 8192
7180 2048
7184 2112
7186 128
7188 2048
7192 128
7195 64
7198 2048
7200 128
7202 64
7204 64
7205 64
7207 64
7211 64
7214 64
7216 64
7218 64
7220 64
7222 128
7227 128
7228 65535
7229 65535
7293 320
7299 256
7300 256
7302 320
7304 2304
7305 64
7309 256
7315 256
7325 256
7327 256
7333 576
7341 576
7343 8736
7345 8224
7347 8294
7349 103
7351 1
7352 1
7353 1
7354 1
7355 6447
7357 1
7358 1
7359 1
7360 1
7361 1
7362 41
7364 8736
7369 32
7371 32
7373 32
7378 512
7380 4096
7382 4096
7383 4096
7384 32
7386 32
7388 32
7390 3072
7393 32
7398 32
7401 1024
7405 32
7408 32
7410 32
7412 32
7414 65535
7416 1024
7475 1024
7481 1024
7485 1024
7498 65535
7500 65535
7533 4096
7557 65535
7568 32768
7597 32770
7600 514
7602 26466
7604 9216
7606 26208
7608 512
7609 16896
7610 16896
7611 16896
7612 16896
7613 16896
7614 25088
7615 25346
7616 25090
7617 25090
7618 8706
7619 26400
7620 8992
7621 8992
7622 8992
7623 8992
7624 8736
7625 9760
7626 8752
7627 9776
7628 8752
7629 8752
7630 8752
7631 8754
7632 8754
7633 8754
7634 8754
7635 8754
7636 8754
7637 8738
7638 8738
7639 25122
7640 25122
7641 8738
7642 8738
7643 8738
7644 8738
7645 8738
7646 8738
7647 8738
7648 8224
7649 8736
7650 8224
7651 8736
7652 544
7653 512
7654 512
7655 512
7656 12832
7658 544
7660 512
7662 512
7665 512
7671 65535
7679 128
7683 2048
7689 2048
7695 16
7709 65535
7723 32
7724 32
7725 32
7727 32
7728 32
7729 32
7731 32
7733 32
7734 32
7735 32
7737 32
7742 32
7745 32
7752 32
7763 32
7766 32
7769 32
7772 32
7775 32
7778 32
7781 32
7786 32
7788 32
7789 32
7790 32
7791 32
7792 40
7793 32
7795 17476
7797 1092
7799 64
7800 96
7801 32
7802 32
7803 32
7804 32
7805 32
7806 32
7807 65535
7808 16497
7811 16497
7814 17488
7817 17521
7820 1088
7822 97
7824 97
7826 64
7828 64
7830 4
7832 21
7835 8192
7838 8192
7840 8192
7842 10242
7845 32
7848 8192
7854 8224
7868 16384
7875 64
7879 16448
7886 16384
7889 8192
7892 8192
7894 8192
7898 8192
7902 64
7907 64
7916 8192
7924 65535
7931 32
7933 32
7935 8736
7938 8704
7940 8192
7942 32
7945 64
7950 64
7957 64
7961 512
7966 512
7973 8192
7975 8704
7979 4096
7982 4096
7983 4096
7984 4096
7985 512
7988 8224
7991 8224
7994 32
7996 8224
7998 8224
8000 8224
8002 32
8004 8464
8006 8208
8007 16
8008 8976
8010 512
8011 512
8012 512
8013 512
8014 512
8015 4
8016 4
8017 4
8018 36
8020 64
8021 608
8023 512
8024 512
8025 32
8026 32
8027 32
8029 544
8030 544
8032 34986
8034 34944
8035 34944
8036 34944
8037 34976
8038 34976
8039 34944
8040 32
8041 32928
8042 32896
8043 640
8044 648
8045 58568
8046 58568
8047 58569
8048 58573
8049 50381
8050 50381
8051 50253
8052 49613
8053 57676
8054 57676
8055 49484
8056 32844
8057 68
8058 4
8059 61804
8061 12320
8062 16416
8063 16486
8065 20814
8067 4132
8068 4132
8069 4096
8070 53262
8072 57902
8074 57902
8076 49766
8078 96
8079 98
8080 96
8081 610
8082 610
8083 49766
8084 49766
8085 50786
8086 1126
8087 1510
8088 4539
8089 37275
8090 37307
8091 4543
8092 4511
8093 4543
8094 5631
8095 5631
8096 5631
8097 5375
8098 247
8099 85
8100 81
8101 65
8102 65
8103 37077
8105 32965
8106 32833
8107 32837
8109 32839
8111 65535
8113 4352
8118 256
8121 272
8125 64
8142 64
8149 64
8163 32
8172 65535
8190 64
8197 32
8214 65535
8218 32
8223 65535
8252 64
8277 2048
8307 2048
8311 32
8316 32
8325 32
8332 8192
8339 8192
8341 512
8343 512
8345 512
8346 512
8348 32
8355 512
8360 512
8361 512
8362 8704
8365 8192
8367 8208
8370 8208
8372 8192
8374 8192
8376 8224
8378 8224
8380 32
8381 32
8382 32
8383 32
8385 32
8388 32
8392 16480
8401 32
8409 32
8412 32
8415 512
8417 8704
8419 8704
8421 8192
8423 8192
8428 96
8437 32
8444 65535
8455 64
8467 64
8477 65535
8518 65535
8568 64
8608 65535
8615 2
8617 66
8621 1090
8627 1024
8632 1024
8635 1024
8638 64
8642 65535
8645 2048
8648 2065
8650 10835
8652 8787
8653 8787
8654 9083
8655 13183
8656 13179
8657 13183
8658 12663
8659 12663
8660 12597
8661 12593
8662 4405
8663 4605
8664 4605
8665 4989
8666 4923
8667 4666
8668 638
8669 630
8670 1654
8671 2678
8672 35572
8673 2745
8674 2747
8675 699
8676 697
8677 10937
8678 10905
8679 11160
8680 10904
8681 41624
8682 41496
8683 41488
8684 8848
8685 41104
8686 45188
8687 8900
8688 8932
8689 10996
8690 41716
8691 37620
8692 54004
8693 40820
8694 57318
8695 55270
8696 22246
8697 29286
8698 29538
8699 61794
8700 28768
8701 28992
8702 21344
8703 22328
8704 21816
8705 16680
8706 16808
8707 49280
8708 32896
8709 49280
8710 50368
8711 19648
8712 1088
8713 1088
8714 64
8715 1088
8716 1088
8717 64
8718 22112
8720 32
8721 1568
8722 1056
8723 17440
8724 17952
8725 17408
8726 17408
8727 1282
8728 16672
8729 800
8730 800
8731 1824
8732 800
8733 800
8734 800
8735 800
8736 800
8737 1828
8738 3892
8739 3892
8740 5428
8741 1398
8742 1524
8743 2036
8744 6133
8745 1781
8746 5877
8747 5877
8748 5879
8749 1783
8750 757
8751 753
8752 752
8753 240
8754 224
8755 128
8756 3312
8758 65535
8759 1024
8761 1024
8767 32
8772 1024
8774 1024
8777 32
8785 1024
8788 32
8793 32
8801 1024
8806 1024
8807 1024
8808 1024
8809 1024
8810 16384
8812 16384
8813 16384
8814 16384
8816 16448
8820 16384
8822 16384
8829 65535
8833 64
8888 1088
8917 1024
8934 64
8945 64
8952 64
8960 1088
8966 1024
8977 1024
8982 1024
8987 1024
8997 1024
9001 1024
9015 1024
9018 1024
9019 1024
9023 1024
9037 1024
9074 1024
9121 1024
9184 1024
9190 1024
9217 1024
9240 1024
9251 1024
9277 1024
9288 65535
9309 16
9332 16
9347 16
9354 16
9361 16
9367 16
9372 65535
9374 64
9385 1024
9398 1024
9420 1024
9423 65535
9428 32
9434 32
9437 32
9441 128
9452 65535
9465 1024
9473 1024
9477 1024
9482 1024
9489 1024
9499 1024
9501 1024
9503 1024
9508 1536
9510 1024
9525 1024
9529 1024
9543 1024
9621 1024
9639 1024
9642 1024
9644 1024
9647 1024
9649 1024
9651 1024
9655 1024
9660 2048
9666 1024
9669 2048
9674 1024
9680 65535
9684 65535
9729 1024
9745 1024
9751 1024
9768 64
9783 65535
9797 64
9812 65535
9825 4
9837 80
9843 16
9848 65535
9861 544
9863 512
9864 512
9866 1024
9869 1536
9871 512
9873 512
9879 1024
9882 1024
9884 1024
9886 1024
9888 1024
9890 1024
9894 1024
9895 1024
9896 1024
9897 1024
9898 1024
9899 1024
9901 1024
9903 1024
9905 1024
9909 1024
9915 1024
9920 1024
9924 512
9931 1536
9945 1024
9993 1536
10012 1536
10027 1024
10059 1024
10077 1024
10092 1024
10105 512
10112 512
10115 64
10131 1024
10137 65535
10144 32
10165 32
10170 32
10174 16
10180 32
10186 65535
10187 1024
10189 1024
10191 1024
10193 1024
10195 1024
10197 1024
10200 64
10206 1024
10208 1024
10210 1024
10212 64
10217 64
10219 576
10221 1536
10223 1600
10227 1536
10232 1536
10237 1024
10240 1536
10247 512
10253 512
10259 1024
10280 1024
10284 65535
10287 64
10293 64
10303 1024
10308 1024
10310 1024
10322 1024
10324 65535
10334 1088
10342 64
10361 64
10366 4
10367 68
10369 576
10372 64
10376 576
10382 64
10384 64
10386 64
10387 65535
10391 2048
10397 32
10405 32
10419 65535
10436 64
10440 512
10446 64
10451 1024
10460 1024
10472 1024
10484 1024
10494 1
10506 1024
10565 1024
10567 1088
10571 64
10575 2048
10579 2048
10582 2048
10585 2048
10597 1024
10604 65535
10605 1024
10649 65535
10663 65531
10759 32
10761 8192
10766 8192
10767 8192
10770 32
10783 32
10787 32
10790 8192
10800 8224
10802 8192
10804 8192
10806 32
10808 32
10812 65535
10826 1024
10848 65535
10861 65535
10949 1024
10958 64
10962 1024
10973 65535
10993 65535
11079 1024
11084 1024
11091 1024
11097 1024
11102 1024
11107 1024
11110 65535
11114 32
11117 512
11128 32
11131 32
11134 32
11136 544
11138 32
11140 544
11143 512
11146 1024
11153 1024
11159 1024
11164 1024
11168 1024
11172 512
11178 1024
11186 1024
11199 32
11218 32
11224 65535
11235 1024
11237 1024
11239 1024
11241 3072
11245 3072
11247 2048
11256 1024
11266 3072
11271 2048
11279 2048
11285 2048
11292 1024
11307 2048
11316 2048
11319 512
11322 512
11324 1024
11329 512
11339 1536
11343 3584
11348 512
11350 512
11358 512
11367 65535
11377 2
11412 65535
11417 64
11419 64
11421 30320
11423 13874
11424 13874
11425 13874
11426 13859
11427 14083
11428 8704
11429 512
11430 769
11431 801
11432 801
11433 545
11435 512
11438 1024
11442 1024
11451 1536
11459 1024
11462 1024
11465 2065
11476 1024
11482 1024
11486 1024
11495 1024
11504 1024
11510 1024
11513 1024
11518 1024
11521 1024
11523 1088
11525 16448
11527 17408
11529 16384
11531 16448
11532 64
11533 64
11534 9793
11536 17408
11537 17472
11538 17472
11539 16384
11540 27136
11542 8192
11543 65535
11544 27852
11545 13294
11546 503
11547 2131
11548 34881
11549 58401
11550 29232
11551 12560
11552 4096
11558 32
11567 1024
11572 32
11576 32
11579 32
11582 65535
11585 4352
11586 4096
11587 12800
11589 512
11590 13056
11592 8448
11593 8448
11594 8448
11595 8192
11596 8256
11598 8256
11600 24576
11602 24576
11604 8192
11606 32
11608 16384
11609 8192
11610 8192
11611 8192
11612 8192
11613 8192
11614 8192
11615 8192
11616 8192
11617 8192
11619 8192
11620 8192
11621 8192
11622 8192
11623 8704
11625 25088
11627 512
11629 9728
11633 512
11635 512
11637 512
11640 512
11643 512
11646 512
11649 512
11655 512
11663 512
11670 8704
11675 512
11679 512
11683 8704
11685 512
11700 512
11708 512
11712 512
11714 544
11716 512
11717 512
11718 512
11719 512
11720 512
11722 16384
11725 16384
11727 64
11730 65535
11736 65535
11777 4
11799 16384
11813 1088
11818 1024
11822 64
11828 64
11844 64
11856 65535
11860 2
11863 2
11866 2
11869 2
11872 6
11877 4
11881 4
11884 4
11891 65535
11894 49152
11895 16400
11896 16656
11897 16656
11898 16640
11899 16640
11900 16384
11901 16384
11902 51200
11903 16386
11904 55722
11906 64984
11908 61386
11910 60872
11912 8584
11913 41352
11914 8584
11915 43400
11916 10376
11917 43464
11918 10376
11919 10632
11920 10380
11921 10444
11922 11340
11923 9292
11924 25668
11925 1348
11926 1348
11927 1092
11928 1092
11929 5124
11930 5460
11932 278
11934 11187
11936 6555
11938 2186
11939 2184
11940 6281
11941 6553
11942 2185
11943 2441
11944 2473
11945 177
11946 17
11947 49
11948 1137
11949 1361
11950 1361
11951 1365
11952 1109
11953 1092
11954 1092
11955 1092
11956 68
11957 32804
11959 32802
11961 32770
11963 32770
11965 2
11967 2
11969 49154
11971 49186
11973 51234
11975 18432
11977 16384
11980 16
11984 16
11987 16
11989 16
11990 18481
11992 16
11993 16
11994 16
11995 2065
11997 16
11999 2064
12001 16
12003 3088
12006 3072
12009 1024
12013 1024
12016 65535
12017 32
12068 65535
12098 512
12107 512
12113 512
12129 512
12142 256
12148 65535
12159 32
12195 512
12234 65535
12249 32
12266 32
12299 34112
12327 1344
12329 34112
12331 34624
12333 1344
12335 1376
12337 1376
12339 1600
12341 32
12345 32
12354 32
12359 32
12365 32
12373 512
12376 512
12379 65535
12381 65535
12418 65535
12563 32
12592 544
12599 256
12609 544
12614 33312
12617 32800
12619 32768
12620 32768
12621 32768
12622 49152
12623 49152
12624 28672
12625 20480
12626 4096
12627 29216
12629 29216
12631 8192
12632 8192
12633 12288
12634 8192
12635 8192
12636 8192
12637 12320
12639 12320
12641 12320
12643 12288
12646 8240
12650 8192
12653 8192
12655 8448
12659 16
12662 12320
12664 12320
12666 8224
12668 8192
12670 12288
12672 16
12675 32
12678 32
12681 8192
12683 8224
12685 8224
12687 8224
12689 12288
12691 65535
12693 64
12703 1024
12707 1024
12716 65535
12750 32
12766 512
12773 544
12788 32
12800 4096
12817 65535
12835 32768
12845 64
12855 68
12859 2048
12862 2048
12865 2048
12867 2048
12871 64
12881 8256
12888 65535
12891 8704
12905 32
12918 4096
12935 512
12951 512
12963 512
12974 4096
12987 4096
12991 4096
12999 65535
13007 64
13055 65533
13063 32
13073 16384
13159 65534
13218 64
13248 2048
13250 2048
13252 2048
13253 2048
13255 2048
13257 2052
13259 2048
13260 2048
13261 2048
13262 65535
13264 512
13272 2176
13276 128
13279 128
13281 128
13283 1152
13286 128
13288 64
13290 16448
13292 65535
13293 136
13295 2184
13297 64
13300 64
13309 64
13320 64
13328 64
13336 64
13342 64
13361 32768
13380 32768
13387 65535
13388 2048
13392 96
13397 1120
13401 32
13406 256
13408 256
13409 256
13411 256
13412 256
13413 256
13414 256
13416 65535
13436 65535
13586 1024
13601 64
13727 65535
13745 32
13751 32
13754 32
13761 32
13764 32
13768 65535
13782 64
13815 4096
13858 4096
13872 65535
13875 32
13902 32768
13929 32768
13930 2048
13932 32768
13937 65535
13939 1024
13965 65535
13973 1024
14052 65535
14099 1024
14112 32
14127 16384
14148 65535
14159 16384
14193 16384
14197 8192
14212 65535
14215 16384
14227 32768
14234 512
14260 65535
14261 128
14265 1152
14269 1536
14273 1024
14278 1024
14282 17408
14286 17408
14289 1024
14292 1024
14294 1024
14296 1024
14298 1024
14300 1024
14302 1024
14304 33792
14307 50688
14309 1024
14311 49152
14315 28672
14319 1024
14321 1024
14325 25600
14337 1024
14341 1024
14350 1024
14357 1024
14364 8192
14386 1024
14396 1024
14405 2048
14412 1024
14419 65535
14435 57343
14456 65535
14509 32
14529 32
14542 32
14554 65535
14578 65535
14615 32
14622 32
14632 32
14672 32
14685 32
14697 8224
14716 8192
14720 8192
14727 65535
14736 64
14827 65535
14845 1024
14873 1840
14898 18016
14900 1536
14902 18032
14904 1024
14906 1536
14908 1568
14910 17920
14912 17960
14914 1
14917 1
14919 1
14921 1
14924 16
14928 16
14932 6144
14950 31760
14952 22528
14953 30720
14956 31760
14959 2048
14961 6144
14963 31744
14965 32
15084 32
15089 32
15124 32
15134 65535
15167 6
15177 2
15182 4
15200 4
15206 4
15215 2
15222 6
15227 4
15229 4
15232 5
15235 1
15239 4
15249 4
15260 4
15263 7
15269 4
15280 65535
15303 512
15355 32
15361 512
15385 512
15396 8192
15400 8192
15403 4096
15407 4096
15410 4096
15411 4096
15414 4096
15419 256
15424 256
15428 256
15436 512
15447 512
15457 65535
15468 4
15470 4
15472 4
15473 4
15474 4
15475 4
15476 4
15477 4
15478 4
15479 4
15480 196
15482 1216
15485 1024
15489 128
15492 128
15495 192
15502 512
15507 64
15513 32
15516 32
15519 32
15523 32
15526 32
15532 32
15536 32
15539 32
15542 34
15546 518
15548 12
15550 1548
15552 580
15554 516
15556 4
15557 4
15559 4
15561 340
15564 64
15567 4
15570 4
15572 4
15573 4
15574 4
15575 132
15576 132
15577 136
15578 136
15579 136
15580 204
15581 140
15582 140
15583 65535
15584 257
15586 256
15587 256
15588 256
15589 256
15590 272
15592 256
15594 2448
15596 256
15597 256
15598 256
15599 272
15601 272
15603 2816
15605 464
15607 14792
15609 128
15610 10712
15612 128
15613 128
15614 200
15616 128
15617 128
15618 136
15619 136
15620 136
15621 136
15622 8
15623 136
15625 136
15627 128
15629 128
15631 176
15633 32
15635 32
15637 306
15639 2358
15641 34
15643 34
15645 32
15647 32
15649 32
15652 2
15654 98
15657 34
15659 2
15661 34
15663 34
15665 2
15667 2
15670 32770
15672 32802
15674 32768
15676 32770
15679 1024
15682 3136
15685 3072
15687 2050
15689 2
15691 34
15693 32
15694 32
15695 32
15696 34
15698 34
15700 2562
15702 2
15703 32770
15705 1024
15708 1026
15711 2
15714 16386
15717 547
15721 1
15724 1
15727 35
15733 1
15740 32
15754 16
15764 32767
15771 32
15775 32
15786 32
15795 65535
15830 64
15846 64
15859 64
15877 64
15883 64
15893 65535
15896 61439
15947 65531
16040 512
16076 512
16088 32
16095 32
16102 16383
16109 16896
16115 16384
16116 22560
16118 64
16120 1028
16121 1028
16122 4
16123 2116
16124 2116
16125 43246
16127 2080
16128 2084
16129 2084
16130 132
16131 164
16132 246
16133 2293
16134 3069
16135 2943
16136 39804
16137 15124
16138 12868
16139 4160
16140 12356
16141 28672
16142 16384
16144 12352
16145 4096
16146 4160
16147 64
16148 8256
16150 6144
16152 12548
16153 12356
16154 64
16155 47300
16156 47812
16157 6784
16158 2176
16159 2688
16160 10880
16161 10376
16162 44168
16163 43136
16164 34944
16165 39040
16166 38912
16167 22864
16168 55312
16169 20496
16170 20480
16171 4096
16172 8192
16173 24576
16174 60480
16176 47168
16178 47968
16181 4608
16183 32768
16184 32768
16186 20992
16190 16896
16193 512
16194 512
16195 512
16196 1024
16198 1024
16200 1024
16202 9280
16205 32768
16207 32768
16210 34880
16213 32768
16215 47168
16220 65535
16223 128
16224 2176
16225 128
16226 128
16227 34944
16228 34944
16229 34884
16230 51268
16231 17476
16232 25668
16233 17472
16234 9282
16235 1570
16236 1570
16237 544
16238 4656
16239 8977
16240 8721
16241 8465
16242 4368
16243 4352
16244 4352
16245 4352
16246 4352
16249 65535
16257 1088
16261 64
16262 64
16264 64
16267 64
16270 64
16273 64
16275 64
16281 65535
16286 64
16296 512
16304 4
16314 65535
16318 32768
16320 32768
16321 2048
16322 2048
16323 128
16324 2048
16325 34944
16326 34816
16327 136
16334 34952
16335 34816
16336 32768
16337 32
16342 136
16345 128
16346 2176
16347 34944
16348 34816
16349 32768
16350 32768
16352 32
16404 65535
16471 65535
16530 65535
16592 1024
16601 16448
16724 64
16728 65535
16729 4096
16747 128
16759 35904
16764 1088
16767 1024
16770 17408
16774 576
16777 1024
16781 1024
16785 512
16787 8736
16789 8736
16791 8224
16793 8224
16795 8736
16798 25184
16801 16384
16803 16384
16805 24576
16807 24608
16809 24608
16811 25632
16813 16384
16814 16384
16815 16384
16816 16384
16817 16384
16818 24832
16820 24576
16822 8464
16825 16
16827 16
16830 8224
16832 8192
16834 9248
16836 12288
16838 4096
16839 4096
16840 13056
16842 28672
16845 24656
16849 64
16854 8192
16860 8192
16864 8192
16868 8192
16871 32
16874 32
16877 32
16882 32
16891 32
16925 256
16944 32
17012 512
17029 512
17037 256
17047 256
17052 256
17055 4352
17060 12288
17064 8192
17069 8192
17076 256
17081 4352
17088 256
17091 4096
17093 4352
17095 256
17097 4352
17100 256
17103 32
17106 4384
17110 4096
17114 4608
17118 768
17123 16384
17128 16384
17133 256
17138 256
17145 65531
17146 128
17153 17408
17156 1024
17159 128
17168 65535
17198 8256
17201 8772
17203 15332
17205 6532
17206 6532
17207 6540
17208 2472
17209 2472
17210 40
17211 8
17212 8
17213 8
17214 8
17215 32
17217 4160
17220 4096
17221 8192
17222 8192
17223 8264
17224 45128
17225 36936
17226 37352
17227 39336
17228 39336
17229 39348
17230 39348
17231 6582
17232 6486
17233 25942
17234 25938
17235 25938
17236 18
17237 1043
17238 3
17239 35
17240 33
17241 33
17242 16385
17243 20737
17244 305
17245 273
17246 17681
17247 1297
17248 1296
17249 1296
17250 1024
17251 32768
17252 2048
17253 38976
17255 34816
17257 24576
17259 8192
17261 40960
17263 544
17265 4
17267 4192
17269 4160
17271 4096
17272 5952
17274 512
17275 8192
17276 8192
17277 1088
17280 64
17283 2048
17288 17536
17292 2176
17294 32896
17296 2048
17298 34816
17301 2052
17309 2048
17313 8192
17316 16384
17321 16384
17325 51200
17331 65535
17339 512
17342 512
17344 22048
17347 4096
17349 18176
17351 16640
17353 256
17355 912
17357 472
17359 984
17361 9176
17363 8648
17365 256
17366 8448
17367 8576
17368 8576
17369 12672
17370 4480
17371 4480
17372 384
17373 5520
17374 5776
17375 5760
17376 1664
17377 128
17378 128
17379 4096
17380 6096
17382 1604
17384 324
17386 340
17388 340
17390 324
17392 260
17394 260
17396 4352
17398 4352
17399 256
17400 4352
17402 4352
17404 4096
17405 4352
17407 4096
17409 4096
17411 256
17414 64
17417 1024
17420 1088
17422 1024
17424 1024
17427 16384
17450 16416
17457 32
17460 4128
17462 4096
17464 4368
17466 16
17467 16
17468 20753
17470 16
17472 16384
17476 51240
17479 2216
17481 17492
17484 17408
17485 4112
17487 12800
17489 4096
17491 4096
17493 4096
17495 38912
17497 39040
17499 2176
17501 16512
17503 128
17507 4096
17516 32
17528 4096
17599 32
17611 8192
17615 8192
17616 8192
17618 8704
17621 8192
17623 8192
17625 8192
17627 8256
17630 8256
17635 8192
17645 64
17651 8704
17655 8704
17659 8704
17661 8704
17663 8192
17664 4096
17665 4096
17666 4096
17667 4448
17669 32
17670 32
17671 32
17672 32
17673 32
17675 32
17677 32
17680 41
17684 32
17686 1056
17689 514
17691 514
17693 68
17694 68
17695 35528
17697 34952
17698 35018
17700 34880
17702 35200
17704 34944
17706 128
17708 128
17710 640
17712 640
17714 512
17716 3712
17719 1024
17721 1024
17723 2048
17725 3584
17727 17408
17729 1088
17732 1088
17734 1088
17736 64
17738 32832
17741 32772
17744 4
17748 2048
17758 32
17763 2176
17782 16384
17786 16384
17788 1536
17790 17408
17792 17440
17794 1024
17795 1536
17797 32
17798 32
17799 32
17800 32
17801 32
17802 544
17803 32
17804 3936
17806 2304
17807 2432
17808 2176
17809 18560
17810 18568
17811 2176
17812 35200
17813 35200
17814 37120
17815 33024
17816 256
17817 256
17819 4352
17822 256
17824 256
17826 6912
17829 32
17844 512
17859 1024
17876 544
17890 32
17898 32
17901 544
17905 512
17908 32
17911 1024
17917 32
17921 512
17926 512
17931 64
17934 1600
17936 36416
17938 1024
17939 39936
17941 32768
17942 16384
17943 57337
17944 64
17946 1088
17949 1024
17950 1024
17951 17600
17953 16384
17955 17536
17957 128
17959 16576
17961 16448
17963 192
17966 128
17968 4224
17970 4096
17972 4736
17974 21184
17976 4096
17977 4096
17978 4096
17979 4096
17980 4096
17981 4096
17982 4096
17983 4096
17984 4096
17985 12288
17986 12288
17987 12288
17988 8192
17989 8192
17990 14288
17992 256
17993 256
17994 25936
17996 16384
17997 17665
17999 2321
18001 16656
18003 24848
18005 20784
18007 16656
18009 16656
18011 272
18013 256
18015 256
18017 65527
18019 16384
18031 1024
18042 1024
18047 1024
18051 17440
18058 1024
18061 25600
18064 8192
18066 1024
18069 1024
18072 1024
18076 272
18090 65535
18095 64
18098 64
18100 64
18108 64
18111 512
18125 64
18128 64
18130 64
18132 512
18134 1
18136 1
18138 1
18140 513
18143 65535
18146 16
18153 16
18158 16
18162 16
18172 16
18176 272
18187 16
18194 65535
18215 1024
18217 1024
18220 9216
18222 1024
18223 1024
18225 1024
18226 1024
18228 1024
18230 1024
18232 512
18234 8704
18236 8704
18238 8192
18240 65535
18245 1024
18260 65535
18267 8192
18269 8192
18271 8192
18273 1024
18275 1536
18279 512
18282 8192
18286 8192
18294 9216
18309 8192
18314 1024
18317 1024
18319 1024
18321 9216
18324 8192
18329 9216
18338 8192
18339 8192
18341 8192
18343 8192
18344 8192
18346 8192
18349 1024
18355 1024
18360 9216
18364 8192
18368 8192
18374 65535
18380 16384
18422 16384
18437 65535
18458 8192
18460 8192
18463 8704
18469 8192
18471 8192
18473 8192
18480 8192
18500 8192
18502 8192
18503 8192
18504 8192
18509 8192
18512 8192
18516 8192
18526 8192
18554 8192
18556 8192
18557 8192
18559 8192
18564 8192
18565 8192
18567 8192
18570 8192
18578 65535
18587 64
18599 64
18602 64
18605 272
18608 16
18610 272
18613 16
18618 17
18623 1024
18636 1024
18641 16384
18647 1
18654 1
18661 1
18667 16384
18683 65535
18705 24576
18708 24576
18709 24576
18710 8192
18711 8192
18712 9216
18713 1024
18714 9760
18716 9760
18718 512
18720 544
18723 32
18736 512
18740 512
18743 8192
18754 512
18761 512
18774 512
18776 512
18778 512
18779 1024
18780 1024
18782 1024
18784 1024
18787 8192
18792 8192
18796 1024
18801 1024
18804 8192
18815 16384
18831 65535
18833 32
18881 512
18899 512
18927 512
18997 512
19037 4096
19052 65535
19055 16384
19075 16384
19106 34
19113 8192
19127 65535
19138 64
19182 65
19185 1
19186 1
19187 1
19188 33
19189 8225
19190 8225
19191 35
19192 3
19193 8210
19194 8210
19195 8306
19196 12898
19197 4978
19198 338
19199 338
19200 340
19201 324
19202 324
19203 324
19204 260
19205 388
19206 2180
19208 512
19212 4
19214 4
19216 4096
19219 4096
19221 4096
19222 12288
19223 12288
19224 12288
19225 544
19227 9760
19229 9824
19231 13156
19233 8260
19234 320
19235 256
19236 65527
19237 2048
19244 2048
19247 2048
19249 128
19252 128
19254 128
19256 128
19259 2048
19264 2048
19268 2048
19272 2048
19277 16384
19283 256
19293 512
19302 256
19308 256
19315 256
19322 256
19327 8960
19333 8192
19336 16384
19340 512
19343 544
19346 12800
19349 8192
19351 12288
19354 8192
19356 7680
19359 4096
19361 4608
19363 4608
19365 21008
19367 18992
19369 18960
19371 16384
19372 16384
19373 16384
19374 16384
19375 16384
19376 256
19377 256
19378 256
19379 256
19380 272
19381 256
19382 256
19383 256
19384 2304
19385 2304
19386 2305
19387 2305
19388 2305
19389 2304
19390 2048
19391 7577
19393 3072
19394 3200
19395 3208
19396 3208
19397 1160
19398 1152
19399 1024
19400 1024
19401 1024
19402 1024
19403 1024
19404 19456
19405 3072
19406 3072
19407 7360
19408 7360
19409 7360
19410 7360
19411 7360
19412 7232
19413 40256
19414 40256
19415 5440
19416 1344
19417 320
19418 256
19419 40260
19421 64
19422 96
19423 16416
19424 16416
19425 32
19426 32
19427 4096
19428 4096
19429 4096
19430 4096
19431 4096
19432 256
19433 256
19434 304
19436 304
19438 256
19440 32
19442 288
19445 544
19449 33072
19452 256
19454 272
19456 272
19458 45939
19459 512
19464 64
19470 8192
19482 1024
19591 1088
19666 1024
19669 1024
19672 32
19675 1024
19679 1024
19684 16384
19687 8736
19691 8192
19694 8704
19697 8192
19699 16384
19703 8192
19706 64
19710 4448
19716 2
19718 1
19720 64
19722 64
19724 64
19726 8224
19729 8224
19732 8192
19736 8192
19739 8192
19742 8192
19745 32
19748 32
19750 12576
19753 16384
19755 16384
19756 16384
19757 16384
19758 16384
19759 1024
19760 1024
19761 1024
19762 512
19763 512
19764 512
19765 512
19766 512
19767 8704
19769 512
19770 8704
19772 8192
19774 8192
19776 8192
19778 8192
19781 8704
19788 8704
19791 8704
19793 8704
19795 8704
19797 9792
19799 8192
19800 8704
19802 65535
19851 8
19854 136
19858 128
19861 4
19866 32
19869 32
19871 32
19873 32
19875 32
19878 48
19881 16
19883 16
19884 16
19886 16
19887 16
19888 16
19889 16
19891 16
19895 64
19914 65535
19920 65535
19967 64
20021 8
20026 8
20032 8
20038 32
20045 16
20050 32
20057 256
20063 65535
20079 16
20111 16
20136 528
20142 512
20151 65535
20167 1088
20170 1024
20172 1024
20174 3072
20176 1088
20178 1088
20180 1088
20182 1024
20185 512
20199 256
20204 256
20207 256
20211 2
20217 2
20225 65535
20265 512
20273 64
20284 512
20288 512
20292 1024
20297 18
20304 512
20310 512
20313 512
20319 4
20325 4
20331 4
20345 32
20354 32
20360 32
20371 32
20382 34
20397 1024
20405 1024
20409 1024
20418 32
20424 32
20430 32
20437 32
20439 32
20442 64
20454 64
20468 514
20482 4
20487 4
20492 2
20499 2
20506 4
20523 1024
20527 1088
20531 64
20534 68
20537 4
20540 2
20545 2
20548 7
20552 68
20557 68
20562 65535
20565 64
20583 512
20589 1024
20591 1024
20593 1024
20595 1024
20601 1024
20607 1024
20613 32
20621 32
20637 65535
20645 512
20650 512
20652 512
20654 96
20657 32
20660 2
20663 32
20666 16
20669 16
20673 16
20676 272
20681 16
20685 2
20690 32
20693 32
20696 36
20699 160
20703 512
20706 512
20708 512
20710 64
20718 65535
20720 4
20735 2
20746 512
20763 2
20781 512
20806 512
20812 512
20815 512
20821 512
20828 512
20833 512
20837 512
20840 546
20844 32
20846 32
20847 32
20848 32
20849 32
20850 34
20852 2
20854 2
20856 4
20858 4
20860 4
20863 16
20865 16
20867 32
20869 32
20871 34
20873 546
20875 512
20876 546
20879 64
20882 64
20884 64
20886 65535
20889 8192
20897 16
20901 512
20921 32
20934 64
20963 64
20970 32
20976 32
20985 64
20989 64
20991 32
21019 4096
21068 4096
21072 256
21077 16400
21079 16384
21080 16384
21084 256
21090 16
21103 528
21109 4096
21128 4352
21132 4096
21135 4096
21138 64
21144 64
21152 64
21154 64
21156 64
21161 16
21175 64
21189 65535
21222 512
21253 64
21287 32
21310 32
21320 65535
21337 2
21345 32768
21346 49152
21348 16384
21350 20480
21353 20480
21355 16384
21356 4096
21358 544
21360 32
21361 34
21363 544
21365 512
21367 784
21369 256
21371 8464
21373 16
21382 16
21389 16
21416 16
21454 16
21499 16384
21514 16384
21515 26112
21517 512
21518 512
21519 512
21520 544
21522 544
21524 32
21527 32
21530 65535
21539 2
21551 2
21561 2
21568 2
21579 1
21608 128
21629 65535
21655 32
21663 512
21729 65535
21743 64
21821 8
21855 8
21863 8
21867 8
21870 8
21873 8
21877 4
21882 4
21887 4
21891 4
21893 4
21895 65535
21897 512
22014 1536
22017 32
22026 65535
22030 32
22035 64
22038 64
22043 4128
22047 4112
22051 4113
22054 4096
22056 4098
22059 4096
22061 4096
22063 4096
22065 4096
22067 4096
22070 64
22073 64
22075 64
22077 48
22079 32
22081 32
22084 96
22088 96
22091 64
22096 1
22100 8
22106 8
22113 40
22120 2048
22123 17
22125 529
22127 563
22129 1
22130 531
22132 563
22133 1
22134 615
22135 1655
22136 1655
22137 9831
22138 1092
22139 1124
22141 1092
22142 1092
22143 1088
22144 1092
22145 1088
22146 1088
22147 1092
22149 1092
22150 1092
22151 1088
22152 1092
22153 1092
22154 1092
22155 1092
22157 1092
22158 1088
22159 1088
22161 1092
22162 1092
22163 1088
22165 17476
22166 1088
22167 17472
22168 1092
22169 1024
22170 17472
22171 1088
22173 17476
22174 17472
22175 17472
22176 17476
22177 17476
22179 17476
22181 17472
22182 17476
22183 65535
22184 8738
22190 2
22193 4
22271 1028
22316 65535
22325 19662
22326 19654
22327 19662
22328 3270
22329 36038
22330 35014
22331 34884
22332 34886
22333 34884
22334 32836
22335 32832
22336 21568
22337 21568
22338 5184
22339 21568
22340 21504
22341 20480
22342 16392
22343 16393
22344 8
22345 8
22346 57323
22348 8
22349 55979
22351 56235
22353 21152
22355 4768
22358 5120
22361 1088
22364 1024
22368 1024
22394 1024
22405 65529
22411 128
22420 128
22424 64
22428 64
22431 64
22434 64
22437 32
22441 32
22446 32
22451 162
22458 2
22466 65471
22468 1088
22477 12865
22480 13075
22482 4354
22483 12546
22484 12562
22485 12562
22486 12562
22487 13106
22488 12850
22489 12850
22490 12338
22491 12338
22492 28722
22493 28720
22494 28980
22495 28980
22496 28948
22497 28980
22498 24885
22499 57653
22500 58164
22501 58300
22502 58296
22503 58296
22504 58296
22505 61864
22506 53672
22507 55720
22508 56232
22509 56224
22510 56224
22511 56224
22512 56192
22513 64144
22514 64144
22515 64144
22516 64144
22517 64144
22518 64144
22519 64128
22520 64128
22521 47744
22522 47232
22523 14480
22524 14480
22525 14512
22526 12432
22527 28848
22528 8320
22529 24704
22530 25728
22531 24704
22532 24704
22533 24704
22534 24576
22535 24576
22536 24576
22537 24576
22538 24576
22539 24576
22540 8192
22541 8192
22542 8192
22543 8192
22544 24576
22546 8192
22550 1024
22556 1024
22576 65527
22598 17408
22605 16384
22607 1024
22610 64
22613 64
22616 64
22620 512
22624 512
22628 1024
22631 1024
22644 1024
22647 1024
22658 1024
22672 1024
22678 1024
22684 63487
22690 32768
22699 32768
22702 2080
22706 32
22710 32
22714 32
22721 65535
22728 1024
22732 1024
22738 1024
22741 1024
22744 1024
22746 64
22748 16448
22750 8192
22752 8192
22754 8464
22757 272
22759 256
22760 256
22761 512
22762 512
22763 512
22764 512
22765 8785
22767 12817
22769 4096
22770 13057
22772 1
22773 1
22774 1
22775 8721
22777 8721
22779 513
22781 512
22783 512
22785 26112
22787 8192
22788 8192
22789 8192
22790 8192
22791 8192
22792 8704
22794 8192
22795 13088
22797 4898
22799 288
22800 256
22801 256
22802 256
22803 256
22804 256
22805 256
22806 256
22807 256
22808 288
22809 256
22810 256
22811 16704
22812 64
22813 64
22814 64
22815 64
22816 64
22817 57327
22818 37862
22819 1024
22823 16384
22832 576
22842 64
22846 64
22852 64
22858 17408
22862 1088
22865 63487
22869 32
22879 32
22886 8192
22891 8192
22893 8192
22894 8192
22895 8192
22896 512
22898 512
22900 512
22902 512
22904 512
22907 512
22909 8704
22913 512
22916 65535
22918 65527
22947 64
22949 64
22953 64
22956 64
22959 64
22965 64
22971 32
22978 1056
22982 65535
22986 512
22988 512
22992 4608
22994 4096
22995 4096
22996 4096
22998 4096
23000 65527
23015 16384
23025 16896
23039 512
23059 64511
23060 8192
23063 8192
23065 8192
23067 8224
23076 4096
23082 4096
23085 20544
23099 16384
23106 4096
23111 1024
23118 4096
23127 4096
23129 8192
23131 8192
23132 8192
23134 8192
23136 65535
23138 512
23145 8192
23148 8704
23151 16384
23152 64
23156 8704
23158 8704
23160 8704
23162 64
23172 64
23189 64
23202 64
23204 64
23206 64
23207 64
23208 49143
23210 48
23212 8208
23215 8704
23217 512
23218 512
23219 512
23220 512
23225 512
23227 512
23234 512
23255 512
23265 512
23271 512
23272 512
23273 512
23274 512
23275 512
23276 8704
23278 8224
23280 8224
23282 8192
23283 8192
23284 8192
23285 8192
23286 8192
23287 8192
23288 8192
23289 8192
23290 8192
23291 8192
23294 8192
23300 8192
23308 65535
23312 512
23322 16576
23332 128
23341 64
23346 64
23349 704
23360 32767
23375 64
23379 64
23391 64
23397 32768
23403 32768
23413 64
23439 64
23484 64511
23505 8192
23507 17472
23517 8192
23519 8192
23521 8192
23526 9248
23531 64511
23539 8256
23563 64511
23625 1024
23632 16384
23634 16384
23637 34816
23640 64
23643 8256
23648 32768
23653 32768
23655 34816
23657 2048
23659 16384
23661 17408
23664 1024
23671 64
23676 64
23692 34816
23694 34816
23696 16384
23698 4096
23703 1024
23708 1024
23711 512
23715 65535
23716 16384
23719 64
23727 1024
23734 65527
23747 8192
23749 8192
23752 25600
23757 17408
23760 1024
23764 4096
23770 8192
23772 65535
23775 8192
23811 64
23827 64
23831 64
23847 65535
23862 64
23866 64
23870 64
23874 8256
23881 512
23885 32
23887 512
23889 32
23891 8736
23893 512
23895 544
23898 512
23902 512
23909 512
23918 512
23925 32
23938 32
23960 8192
23967 8192
23969 8704
23970 8192
23972 8192
23975 8192
23979 8192
23983 8192
23986 8192
23997 32
24030 32
24045 64
24052 32
24056 32
24061 544
24066 64
24069 32
24073 512
24078 32
24082 65535
24083 16384
24089 29216
24091 24576
24092 24576
24093 24608
24094 24608
24095 24608
24096 8224
24097 32416
24099 24704
24100 24576
24101 24704
24102 8320
24103 31904
24105 31904
24107 11392
24109 11456
24111 24640
24113 2176
24115 15584
24118 15488
24120 2048
24121 2048
24122 2048
24123 2048
24124 2048
24125 2048
24126 2048
24127 14336
24129 2048
24130 6144
24131 14608
24133 15632
24135 12560
24137 12544
24139 15120
24141 12560
24143 4096
24146 8192
24153 8224
24162 16384
24170 16384
24178 16384
24186 17158
24191 256
24194 258
24197 2
24199 258
24201 258
24203 64
24255 64
24268 128
24272 160
24275 128
24278 1152
24281 8192
24284 128
24288 1152
24293 8192
24298 2048
24306 8192
24313 128
24316 128
24318 129
24320 65
24322 497
24324 1521
24326 1521
24328 881
24330 257
24331 257
24332 261
24333 261
24334 23
24335 6
24336 23
24338 8215
24340 33183
24342 16
24343 16
24344 16
24345 16
24346 1104
24347 16
24348 16
24349 17
24351 49
24353 16
24354 16
24355 16
24356 16
24357 16
24358 16
24359 16
24360 16
24362 16
24365 16
24367 16
24369 48
24371 32
24374 36
24378 48
24380 20
24383 20
24388 16
24390 16
24393 32
24396 4
24399 65535
24402 16
24477 16
24481 1
24484 1
24487 1
24491 1
24498 1
24545 1
24569 65535
24576 1024
24592 32
24604 32
24640 512
24678 65535
24688 2
24713 32
24737 128
24746 128
24749 128
24752 128
24755 128
24759 128
24765 128
24769 32
24772 128
24776 8192
24778 8192
24780 8192
24781 8192
24782 192
24785 32
24792 128
24802 128
24807 128
24810 128
24814 8
24823 32
24832 32
24856 32
24863 32
24889 32
24896 32
24899 32
24903 32
24917 32
24933 32
24942 2
24946 2
24950 2
24959 65535
24969 16384
24973 17408
24975 512
24978 512
24982 512
24984 512
24992 16
25029 32768
25055 32768
25057 32768
25059 64
25070 16384
25073 16384
25075 512
25080 512
25083 16
25095 512
25113 512
25118 512
25126 2
25136 2
25146 4
25152 4
25160 4
25167 16
25173 16
25183 20
25197 16
25226 1
25240 512
25254 512
25256 512
25264 512
25267 1024
25271 1024
25277 16
25288 16
25312 560
25342 512
25364 1
25376 17
25381 16
25388 65535
25390 1
25429 1
25435 1
25440 1
25447 1
25462 8
25479 136
25484 8
25487 4
25496 4
25499 4
25502 32
25508 2
25513 2
25518 2
25522 65535
25662 1
25681 64
25684 1
25688 16384
25691 2
25697 34
25700 34
25704 65535
25705 32
25718 32
25721 32
25725 32
25731 32
25740 32
25752 288
25755 4991
25757 4991
25759 4991
25761 4959
25763 855
25765 279
25767 257
25769 1024
25774 3584
25778 1536
25782 1024
25785 1024
25788 1024
25791 1536
25795 1024
25798 512
25802 512
25806 512
25810 512
25814 512
25819 512
25824 512
25829 256
25834 65535
25838 32
25857 32
25868 32
25876 32
25886 32
25894 65535
25895 4
25899 4
25903 4
25908 2
25918 32767
25927 64
25935 64
25953 64
25975 65535
25982 16389
25986 4
25987 135
25989 4
25990 4
25991 4
25992 7
25993 7
25994 7
25995 7
25996 2295
25997 2303
25998 2303
25999 2303
26000 2815
26001 2815
26002 2815
26003 3839
26004 3071
26005 3071
26006 11263
26007 11263
26008 44031
26009 44031
26010 44031
26011 35839
26012 3070
26013 3034
26014 9178
26015 9176
26016 10200
26017 1920
26018 512
26020 512
26021 640
26022 144
26023 144
26024 1016
26026 128
26027 128
26028 152
26029 408
26030 392
26031 136
26032 136
26033 186
26035 138
26037 136
26038 408
26039 474
26040 474
26041 478
26042 478
26043 478
26044 478
26045 478
26046 2527
26047 2527
26048 3551
26049 3551
26050 3583
26051 3583
26052 3583
26053 3583
26054 3575
26055 3575
26056 3575
26057 3319
26058 3319
26059 3319
26060 3319
26061 3319
26062 3319
26063 3575
26064 3575
26065 3319
26066 2295
26067 2291
26068 2295
26069 2291
26070 251
26071 179
26072 187
26073 179
26074 1203
26075 243
26076 115
26077 1147
26078 1147
26079 1147
26080 1147
26081 1151
26082 1663
26083 1663
26084 1663
26085 1663
26086 1663
26087 1917
26088 34677
26089 33655
26090 33655
26091 887
26092 887
26093 17271
26094 18295
26095 18295
26096 18295
26097 18295
26098 18231
26099 18423
26100 20411
26101 19451
26102 11251
26103 11259
26104 11259
26105 12283
26106 11257
26107 11257
26108 11001
26109 11001
26110 10489
26111 3065
26112 761
26113 753
26114 689
26115 241
26116 244
26117 212
26118 84
26119 84
26120 180
26121 180
26122 20
26123 272
26124 304
26125 432
26126 352
26127 256
26128 256
26129 450
26131 384
26133 256
26134 264
26135 268
26136 270
26137 270
26138 268
26139 270
26140 270
26141 270
26142 270
26143 270
26144 782
26145 35598
26146 2830
26147 270
26148 14
26149 32846
26150 33646
26152 4
26153 4
26154 4
26155 4
26156 4
26157 4
26158 4
26159 4
26160 4
26161 4
26162 32788
26164 32772
26166 32768
26168 65535
26171 64
26175 16384
26179 64
26182 64
26185 32768
26195 16384
26205 65535
26210 65535
26242 64
26247 64
26252 64
26254 64
26257 64
26260 16384
26265 257
26275 64
26279 16448
26288 16384
26302 65535
26303 32
26311 32
26313 32
26315 32
26318 8192
26320 8192
26323 24576
26325 24576
26327 24576
26329 16384
26331 16384
26333 16384
26335 16416
26337 32
26339 32
26342 32
26344 32
26347 800
26351 512
26353 8192
26357 8192
26363 32
26377 65535
26379 64
26382 64
26386 64
26388 64
26394 65535
26398 32
26409 32
26412 32
26415 32
26418 32
26424 32
26426 32
26428 32
26430 32
26432 32
26434 65535
26436 64
26442 64
26448 64
26456 64
26466 4
26478 65535
26482 32
26484 32
26486 32
26488 32
26494 32
26497 32
26499 32
26501 32
26504 32
26507 32
26512 32
26514 32
26518 32
26523 32
26525 32
26530 32
26541 32
26560 32
26573 4096
26577 4096
26579 32
26581 512
26584 32
26587 512
26592 4096
26595 4096
26597 4096
26602 8
26614 4096
26618 4096
26620 4096
26622 8
26626 4096
26631 4
26635 4100
26640 4096
26642 4096
26644 32
26646 32
26648 32
26650 32
26653 32
26658 4096
26665 65535
26669 16384
26674 16384
26677 16384
26680 16384
26683 64
26692 64
26705 64
26709 16384
26712 16384
26714 16384
26717 2048
26720 2048
26724 2048
26733 2048
26744 8
26747 128
26751 64
26757 8
26759 4
26763 12
26772 65535
26777 4096
26782 4128
26785 4128
26787 32
26789 32
26791 32
26805 32
26806 32
26808 32
26810 32
26814 32
26817 32
26821 32
26825 32
26827 32
26828 32
26829 32
26830 32
26833 32
26834 32
26835 32
26837 32
26840 32
26842 16
26844 32
26846 48
26849 256
26851 256
26853 256
26855 4128
26858 32
26860 65535
26862 64
26872 64
26888 64
26892 65535
26893 256
26894 256
26895 256
26896 256
26897 272
26898 273
26899 273
26900 273
26901 273
26902 273
26903 272
26904 272
26905 272
26906 272
26907 272
26908 272
26909 16
26910 818
26912 306
26914 2
26915 2
26916 34
26917 34
26918 34
26919 32
26920 32
26921 32
26922 544
26923 544
26924 544
26925 32
26926 160
26927 160
26928 128
26929 32896
26931 128
26933 160
26935 160
26937 32
26939 33440
26941 544
26943 32928
26945 32896
26947 32768
26949 32768
26951 33248
26953 33024
26955 33024
26957 33024
26959 33024
26961 33024
26963 49408
26965 49408
26967 256
26969 256
26971 49408
26974 16384
26977 65535
26981 1088
26987 1088
26990 64
26992 64
26994 64
26997 64
27012 64
27016 64
27021 64
27026 65535
27037 128
27045 256
27050 512
27058 512
27065 512
27071 128
27083 256
27092 512
27108 128
27113 128
27115 128
27118 128
27124 65535
27133 256
27156 65535
27170 8736
27174 8192
27176 512
27179 2
27182 512
27190 512
27211 65535
27220 2048
27224 3072
27227 1024
27231 1024
27233 1024
27235 3136
27251 1024
27254 2240
27260 1024
27264 128
27269 128
27283 1024
27292 1024
27299 65535
27315 64
27321 64
27324 64
27328 16448
27346 64
27356 64
27362 64
27367 64
27372 4096
27378 64
27390 32
27394 65535
27397 65535
27418 64
27428 64
27430 64
27434 1024
27440 2048
27466 65535
27470 512
27493 32
27497 1056
27502 32
27511 288
27518 64
27604 128
27625 512
27630 512
27646 32767
27651 512
27660 512
27668 128
27697 128
27702 128
27708 64
27713 64
27716 64
27718 64
27720 64
27723 576
27729 544
27734 32
27737 512
27740 512
27746 16
27749 65535
27753 64
27772 64
27786 65535
27795 1024
27803 1024
27806 2048
27808 512
27822 128
27831 128
27843 65535
27864 4096
27880 16
27886 16
27890 145
27894 16
27897 16
27900 4096
27914 8224
27919 544
27922 512
27924 65535
27927 32
27935 34
27938 32
27942 8192
27943 8192
27944 8192
27945 8704
27947 512
27949 544
27952 32
27958 544
27963 8704
27971 8192
27973 8192
27974 8192
27975 8192
27977 8194
27983 2
27986 2
27989 32768
27994 65535
27995 32
28015 32
28030 16384
28037 16384
28040 16384
28043 16384
28045 16384
28047 24576
28049 24896
28051 26948
28053 27980
28055 27968
28057 11584
28059 8512
28061 256
28064 325
28067 8456
28072 65535
28073 4
28074 4
28075 4
28077 4
28078 4
28079 4
28080 4
28081 4
28082 4
28084 34
28086 4128
28087 307
28089 17
28090 17
28091 17
28092 4113
28094 4096
28095 4096
28098 38
28101 4
28104 272
28106 16
28107 272
28108 272
28109 16
28110 272
28112 1
28114 4096
28116 4096
28119 65535
28129 4
28132 4
28136 8
28138 8
28140 8
28141 8
28143 8
28147 8
28150 8
28154 64
28164 65535
28175 256
28202 65535
28217 65535
28246 64
28254 512
28257 64
28266 65535
28288 32
28299 32
28304 32
28306 32
28308 245
28310 21
28311 4309
28312 4101
28313 6341
28314 22725
28315 22741
28316 18629
28317 18565
28318 18573
28319 16525
28320 24717
28321 24716
28322 24712
28323 28824
28324 8344
28325 128
28326 29852
28328 4104
28330 4096
28332 4096
28334 4096
28336 4096
28339 1024
28342 12288
28345 4096
28351 2
28354 160
28357 1024
28362 1024
28369 16
28384 32
28390 32
28395 32
28399 32
28408 32
28417 32
28426 65535
28436 1
28488 16384
28493 24595
28496 8210
28501 8219
28505 25619
28508 512
28511 528
28514 528
28516 562
28518 16
28519 16
28520 16
28521 16
28522 16
28523 16
28524 17
28525 17
28526 17
28527 17
28528 1
28529 1
28530 1
28531 1
28532 1
28533 1
28534 17
28535 16
28536 16
28537 16
28538 16
28539 16
28540 16
28541 272
28543 256
28545 256
28547 320
28551 320
28555 256
28559 256
28563 256
28567 256
28572 257
28578 1
28584 9
28592 8192
28599 8192
28607 64
28623 64
28637 8
28654 64
28666 64
28673 64
28679 64
28700 1
28715 1
28717 1
28719 1
28720 1
28721 1
28722 1
28723 1
28724 1
28725 1
28726 1
28727 1
28728 1
28729 1
28731 1
28734 2
28746 65
28754 1
28763 1
28772 1
28784 1
28788 64
28799 1
28815 1
28824 1
28838 3
28844 2
28853 1
28856 1
28858 1
28860 1
28862 1
28864 1
28866 1
28868 64
28878 8
28886 8
28893 64
28904 8
28919 8
28935 65535
28955 32
28957 1568
28961 544
28964 512
28966 544
28968 32
28970 32
28971 32
28972 32
28973 32
28974 32
28975 544
28976 32
28977 32
28978 32
28979 544
28981 1088
28984 32
28986 544
28988 544
28989 544
28990 544
28991 544
28992 544
28993 32
28994 32
28995 512
28996 512
28997 65535
28998 64
29006 4
29025 576
29034 512
29035 32
29036 32
29038 8208
29040 8192
29043 8209
29045 65535
29047 16
29049 16
29051 16
29053 64
29055 64
29057 576
29059 64
29062 64
29066 512
29070 128
29073 272
29076 256
29078 16
29080 512
29085 256
29090 256
29093 16
29096 16
29099 16
29101 784
29104 16
29107 512
29115 65535
29129 512
29134 512
29136 65535
29191 512
29196 512
29199 304
29202 48
29204 48
29206 304
29209 288
29214 288
29220 16
29223 304
29227 272
29230 16
29232 16
29234 16
29238 16
29240 16
29242 16
29245 16
29249 32
29251 768
29255 512
29259 512
29269 65535
29279 64
29286 64
29290 64
29295 64
29303 1024
29327 1024
29335 8
29342 8
29355 65535
29356 304
29360 256
29362 272
29364 272
29366 1808
29368 1536
29370 1552
29372 1552
29374 1552
29376 528
29378 1584
29380 512
29381 1536
29383 512
29384 65535
29388 64
29393 64
29399 64
29404 64
29412 8192
29422 32
29434 64
29437 64
29442 8192
29451 1024
29460 2048
29464 17536
29468 1024
29471 17472
29473 1088
29474 65535
29475 80
29480 80
29485 16
29487 16
29488 16
29489 16
29491 1
29496 1361
29499 273
29500 17
29501 17
29502 17
29503 17
29504 17
29505 16
29506 2
29507 2
29508 306
29510 304
29511 32
29512 32
29513 32
29514 274
29516 305
29518 35
29520 34
29522 32
29523 34
29525 2
29527 34
29529 32
29530 2
29531 2
29532 2
29533 2
29534 34
29535 34
29536 34
29537 2
29538 4
29542 8
29546 8
29549 24
29551 27037
29553 2064
29555 10649
29557 10653
29559 2064
29561 1024
29565 1536
29569 512
29589 65535
29603 2048
29615 4
29622 4
29627 1024
29636 128
29645 128
29649 4
29654 128
29663 512
29681 768
29688 512
29692 512
29695 512
29699 64
29708 128
29716 288
29731 64
29739 512
29745 512
29749 512
29754 768
29759 4096
29764 4096
29768 12288
29771 12544
29774 8192
29776 12288
29778 12288
29780 12288
29782 4096
29783 4096
29784 4096
29785 4096
29786 4096
29787 4096
29788 4096
29789 4096
29790 4096
29791 4128
29792 4128
29793 4128
29794 4128
29795 4096
29796 20480
29797 28672
29798 8192
29799 12288
29800 4096
29801 4096
29802 4096
29803 4096
29804 4128
29806 20832
29808 4352
29809 256
29810 848
29812 16
29813 273
29815 512
29817 544
29819 528
29821 512
29822 16896
29823 25088
29824 8448
29825 12544
29826 4352
29827 4096
29828 4096
29830 64
29838 4352
29842 4096
29843 4096
29844 12288
29845 12288
29846 8192
29847 8192
29848 8192
29849 8192
29850 8192
29852 8192
29854 8193
29859 8192
29867 65531
29871 24576
29872 24576
29873 8192
29874 8704
29876 8192
29878 8192
29879 8192
29880 8192
29882 8192
29883 8192
29885 8192
29887 8192
29889 8192
29891 8192
29893 24576
29895 512
29898 8704
29900 8704
29902 25088
29904 24576
29905 16384
29906 50176
29908 16384
29909 18432
29911 10240
29913 2048
29915 512
29918 8704
29924 8704
29927 512
29929 512
29932 576
29936 1024
29939 17408
29942 24576
29944 24576
29946 512
29948 32
29951 512
29953 512
29958 8704
29962 8192
29965 8192
29969 8192
29974 65534
29990 1024
30009 1024
30026 16
30110 65527
30114 4096
30131 4096
30143 4096
30150 65531
30154 16384
30159 24576
30162 24576
30164 16384
30165 24576
30167 1536
30171 512
30175 512
30179 512
30186 8704
30189 8192
30191 8192
30199 8192
30222 8192
30247 8192
30252 8192
30274 65531
30283 64
30290 64
30298 64
30302 64
30306 64
30310 64
30315 8192
30324 30719
30330 63487
30366 16384
30377 32768
30381 32768
30385 64
30388 64
30396 16384
30401 8736
30404 8704
30406 512
30408 512
30410 4096
30413 32768
30415 32768
30417 4096
30420 4096
30422 4096
30425 16384
30428 16384
30431 16384
30433 16384
30435 34816
30438 16384
30441 512
30444 512
30447 32
30450 16384
30454 16384
30458 2048
30465 2048
30474 65531
30475 25088
30477 16384
30478 29696
30480 35904
30482 7424
30484 20992
30488 8704
30491 38912
30493 40768
30495 40640
30497 1024
30498 9728
30499 41984
30500 42080
30501 42016
30502 40960
30503 96
30505 65535
30507 8192
30509 24576
30511 28672
30513 28676
30515 24832
30517 24832
30519 24832
30521 8192
30523 24832
30526 8192
30529 8192
30533 24576
30541 16384
30547 16384
30552 16384
30558 256
30578 256
30583 256
30591 256
30615 65532
30621 2048
30635 64
30645 64
30669 64
30679 64
30682 64
30685 64
30710 64
30737 65535
30775 128
30783 32
30795 32
30799 136
30804 136
30809 32
30811 32
30814 16416
30817 4128
30821 16384
30836 20480
30841 4096
30844 8192
30847 8192
30852 8192
30856 4096
30874 4128
30883 57343
30906 64
30934 64
30997 64
31006 56831
31013 8192
31018 4096
31021 4096
31024 4096
31031 4096
31033 4096
31037 4096
31042 4096
31056 4096
31059 4096
31067 16384
31075 56831
31080 64
31092 8192
31099 8192
31101 8192
31103 8192
31105 8192
31108 8192
31110 8192
31115 8192
31121 8192
31124 8192
31126 8192
31131 8448
31136 8192
31140 65535
31150 65535
31219 64
31273 64
31298 64511
31305 128
31365 8192
31410 32767
31440 64
31456 64
31463 64
31468 64
31478 64
31486 64
31493 64
31503 64
31531 64
31582 64
31604 64
31614 64
31620 64
31628 64
31638 64
31639 64
31640 64
31641 64
31642 64
31643 17472
31645 19496
31647 1024
31648 20480
31649 20512
31650 20512
31651 32
31652 20768
31654 4096
31656 16
31658 16
31660 16
31662 16
31664 512
31668 16
31671 8192
31674 8704
31677 24576
31680 16384
31682 16384
31683 17408
31685 16384
31686 17472
31688 16448
31690 16384
31692 17408
31695 17408
31697 25600
31699 528
31703 16
31705 1552
31707 16
31709 1040
31711 35088
31713 32768
31715 32768
31717 32768
31719 32768
31720 32768
31721 32768
31722 33808
31724 33792
31726 1024
31727 1024
31728 1040
31730 16
31732 16
31734 16
31736 16
31738 16
31740 1024
31744 1040
31746 1024
31747 1280
31748 256
31749 256
31750 256
31751 4368
31753 4112
31755 12288
31757 8192
31759 8192
31763 16
31767 16
31770 65535
31774 3072
31784 3072
31788 34816
31792 32768
31795 32768
31797 32768
31798 32768
31799 32768
31800 32768
31801 49152
31802 49152
31803 49152
31804 49152
31805 49152
31806 49152
31807 49152
31808 49152
31809 49152
31810 49152
31811 49152
31812 49152
31813 49152
31814 49152
31815 49152
31816 49152
31817 49152
31818 49152
31819 49152
31820 49152
31821 49152
31822 49152
31823 49152
31824 49152
31825 32768
31826 32768
31827 32768
31828 49152
31830 49152
31832 49152
31834 49152
31836 32768
31838 49152
31840 32768
31842 32768
31844 32768
31847 32768
31854 32768
31868 32768
31903 16384
31915 65535
31917 4096
31922 4096
31925 8192
31928 8192
31936 8192
31948 8192
31953 61183
32029 32768
32065 32768
32076 34816
32083 32768
32088 32768
32090 65527
32092 32768
32099 32768
32103 32768
32116 8192
32130 32768
32140 512
32152 8192
32162 8192
32163 8192
32164 8192
32170 8192
32174 8192
32176 1024
32205 32768
32215 32768
32228 32768
32232 1024
32248 1024
32276 65535
32286 65535
32349 32768
32360 32768
32362 32768
32364 8192
32366 40960
32367 32768
32368 24576
32369 16384
32370 32768
32372 32768
32375 40960
32377 8192
32379 8192
32380 32768
32381 32768
32384 32768
32386 32768
32391 61439
32394 32768
32399 32768
32402 32768
32405 32768
32412 32768
32415 512
32417 512
32418 8192
32420 1024
32423 1024
32428 32768
32432 32768
32433 34816
32436 32768
32438 32768
32440 32768
32441 32768
32442 60671
32448 64
32457 64
32465 60671
32488 16384
32502 16384
32507 32768
32524 32768
32530 32768
32531 32768
32532 32768
32533 32768
32535 65279
32536 64
32552 16384
32557 1024
32559 1024
32560 1024
32562 64
32566 16384
32571 16384
32577 64
32581 8192
32584 8192
32587 8192
32590 8192
32594 512
32598 512
32601 64
32603 576
32605 576
32611 64
32614 64
32617 17408
32619 1024
32622 28672
32631 512
32636 16384
32639 4097
32646 4096
32648 4096
32651 64
32658 64
32662 8256
32666 16465
32671 65535
32675 4096
32682 8192
32688 32
32694 512
32698 512
32704 512
32720 512
32722 32
32725 32
32726 16928
32729 32
32732 32
32735 544
32741 4096
32752 65023
32754 2048
32759 1024
32764 32768
32766 18432
32769 64
32773 1088
32781 1024
32785 1024
32786 28672
32790 12288
32793 4096
32795 4096
32797 4096
32799 4096
32801 512
32804 1024
32806 1024
32807 3072
32810 17408
32812 512
32814 16384
32817 16384
32820 16896
32827 16384
32832 65535
32839 16384
32845 1024
32850 1056
32860 1024
32876 1024
32880 1024
32884 544
32888 1024
32899 1024
32901 1024
32905 1024
32915 1024
32929 64
32933 64
32940 1024
32952 1024
32962 64
32965 64
32970 256
32983 32768
32994 32768
33001 65535
33002 32
33006 512
33008 512
33010 4864
33014 1024
33019 1024
33021 1024
33026 16
33031 1040
33035 8192
33038 8240
33041 8192
33044 8192
33048 1024
33051 4096
33054 4112
33058 16
33061 1024
33064 1024
33068 5136
33073 1280
33076 256
33078 288
33080 1312
33082 1056
33084 32
33086 1024
33091 256
33094 5408
33097 1312
33099 5408
33101 1024
33103 1024
33105 1072
33108 1040
33112 16
33118 16
33128 16
33143 65535
33148 8192
33168 8192
33171 8192
33173 256
33175 8192
33178 24576
33184 256
33190 16384
33193 16384
33196 16384
33199 64
33203 65527
33210 32768
33234 32768
33246 65527
33247 17408
33251 16384
33255 8768
33258 8704
33260 8192
33262 10240
33264 32768
33266 32768
33268 16384
33271 16384
33273 24576
33275 24576
33277 16384
33279 25088
33281 24576
33284 16448
33287 64
33289 1088
33291 16384
33293 24576
33295 1024
33297 5120
33299 1024
33301 544
33303 32
33305 32
33307 32
33311 34944
33315 2208
33319 32
33321 32
33323 8194
33325 8226
33327 34
33329 34
33331 16384
33333 16384
33335 32
33338 16384
33341 16416
33346 16416
33348 17440
33350 8192
33352 8192
33354 8192
33356 4352
33359 17664
33362 16384
33364 9216
33366 8192
33368 2
33373 66
33379 1024
33383 16384
33385 16384
33387 17408
33390 16384
33395 16388
33402 2048
33403 2048
33404 2048
33405 64
33408 64
33412 4
33415 4
33417 68
33419 4
33421 128
33425 128
33428 128
33436 128
33466 2048
33471 1024
33478 2048
33487 2048
33488 2048
33489 65535
33503 8704
33518 8256
33527 65535
33531 2048
33533 2048
33536 2048
33543 8192
33544 9728
33545 1536
33546 512
33547 512
33549 256
33551 256
33553 4096
33555 4096
33560 32768
33564 2048
33569 2048
33571 16384
33575 128
33582 128
33585 2048
33588 2048
33589 2048
33591 16384
33594 16384
33597 65535
33598 65535
33630 32
33635 24608
33637 25120
33639 544
33641 1568
33644 64
33652 1024
33657 1088
33673 1024
33675 1024
33676 1024
33678 1536
33680 1536
33682 256
33684 256
33686 256
33691 8192
33696 16384
33702 16384
33705 16416
33707 16416
33709 16416
33712 16384
33716 1024
33717 1024
33718 1024
33721 64
33725 64
33732 65535
33753 16896
33777 65527
33791 32
33808 8192
33811 10880
33814 128
33816 128
33818 17856
33821 1088
33823 17472
33825 17472
33827 17472
33830 17472
33833 1088
33836 320
33838 35200
33840 128
33841 35224
33843 272
33844 272
33845 272
33846 65535
33847 37138
33851 274
33853 28946
33855 12594
33857 8192
33858 8192
33859 8192
33860 8192
33861 12644
33863 6436
33865 4388
33867 6404
33869 47556
33871 8192
33872 8192
33873 8192
33874 14916
33876 8192
33878 8192
33881 8192
33884 65533
33885 10336
33888 8192
33891 4096
33893 4096
33896 2
33902 4096
33905 16384
33909 16384
33912 1026
33915 4096
33918 64
33924 8192
33937 1058
33944 1024
33957 32
33961 128
33966 64
33993 16384
34034 64
34037 16448
34040 64
34042 16384
34044 16384
34046 3136
34049 2112
34052 2048
34054 2304
34056 2048
34058 8192
34061 65535
34063 8704
34071 8704
34074 8192
34078 4096
34080 4096
34083 36864
34087 4352
34091 4352
34094 4096
34098 4096
34101 4608
34103 4608
34105 4096
34107 4608
34110 512
34113 512
34116 512
34122 4883
34133 57207
34135 65395
34137 39731
34139 39795
34141 39731
34143 39763
34145 6587
34147 32
34245 6015
34247 6015
34249 8063
34251 8
34255 128
34264 136
34267 8
34269 128
34273 4
34276 68
34279 32
34283 32
34287 32
34290 32
34292 48
34296 16
34298 16
34300 16
34302 16
34305 512
34314 64
34323 512
34334 512
34344 65535
34350 1
34372 128
34383 128
34390 16
34405 65535
34427 16384
34435 16384
34436 16384
34437 17408
34438 1024
34439 1024
34442 1024
34449 3136
34459 64
34462 1024
34466 65535
34485 16
34514 32
34519 32
34526 65535
34530 1
34532 3
34534 16
34536 68
34538 4
34539 4
34540 4
34541 68
34543 8
34545 8
34547 8
34549 8
34551 8
34552 8
34553 8
34554 8
34556 17
34558 16
34559 16
34560 17
34562 1
34564 1
34565 3
34566 3
34567 2
34568 2
34569 6
34571 4
34572 4
34573 4
34574 4
34575 4
34576 4
34577 4
34578 12
34579 12
34580 12
34581 12
34582 12
34583 8
34584 8
34585 8
34586 8
34587 8
34588 8
34589 8
34591 8
34593 32
34602 65535
34648 1
34654 1
34660 1
34666 1
34672 1
34676 65535
34680 32
34682 32
34684 96
34692 64
34698 136
34701 128
34704 64
34711 64
34725 32
34739 64
34752 80
34768 32
34782 32
34785 32
34789 64
34795 2048
34802 2048
34804 2048
34807 64
34812 64
34823 64
34826 64
34829 66
34832 71
34834 66
34835 70
34836 70
34837 6
34838 550
34839 8742
34840 12338
34841 28720
34842 12400
34843 8288
34844 96
34845 96
34846 32
34847 112
34849 48
34851 64
34853 11328
34856 2116
34858 64
34860 7248
34863 5120
34865 4368
34867 5392
34869 4112
34871 4368
34873 4368
34875 4112
34876 4112
34877 4112
34878 4112
34879 16
34880 16
34881 16
34882 16
34883 16
34884 16
34885 13232
34887 8208
34888 8336
34889 8336
34890 8192
34891 8192
34892 8192
34893 8192
34894 8192
34895 8192
34896 8192
34897 8192
34898 8192
34899 8192
34900 12848
34902 29232
34904 29232
34906 28848
34908 28688
34910 4096
34911 31920
34913 16384
34914 20480
34915 17408
34916 21504
34917 17408
34918 1024
34919 1024
34920 1024
34921 1024
34922 1024
34923 1024
34924 3072
34926 1024
34927 1024
34928 1024
34929 1024
34930 35984
34932 1040
34934 1040
34936 1024
34938 35856
34941 32768
34943 32768
34945 32768
34947 32768
34949 33792
34951 33792
34953 33792
34955 32768
34956 49152
34958 32768
34959 32768
34960 49152
34961 49152
34962 32768
34963 32768
34964 32768
34965 32768
34966 49152
34968 32768
34969 32768
34970 49152
34971 49280
34972 16384
34973 16384
34974 16384
34975 16384
34976 16384
34977 16384
34978 16384
34979 16384
34980 16384
34981 19528
34983 1024
34984 1024
34985 1024
34986 1024
34987 3208
34989 3080
34991 3080
34993 3072
34995 1024
34997 1024
34999 1024
35002 1024
35004 1024
35007 1024
35010 1024
35014 1024
35017 65535
35023 64
35032 24576
35042 8192
35044 8192
35047 8192
35055 8192
35058 8192
35062 63487
35068 64
35081 8
35092 65535
35107 8192
35121 9728
35126 8192
35129 1024
35137 4096
35140 4096
35143 16
35152 65535
35155 64
35160 64
35167 64
35195 64
35199 8192
35205 65535
35234 1
35247 512
35254 8192
35262 8192
35266 8192
35270 2
35274 2
35279 512
35287 65535
35289 64
35310 65535
35318 512
35320 512
35322 8192
35323 8192
35324 8192
35325 8192
35330 12288
35335 17
35338 17
35340 17
35342 1
35345 1
35348 1
35352 8192
35355 1
35361 8208
35366 16
35371 16
35382 4
35389 4
35393 8192
35397 16
35399 16
35401 528
35403 8192
35405 8192
35407 65535
35408 64
35413 1536
35416 1088
35418 64
35420 64
35422 64
35424 1088
35426 64
35428 64
35430 64
35432 64
35434 64
35436 64
35438 64
35443 64
35450 2052
35457 2060
35460 2124
35463 1096
35466 1096
35468 1096
35470 1096
35472 1100
35474 1096
35476 1096
35478 1102
35480 1098
35482 2058
35484 3146
35486 2058
35488 2126
35490 2126
35492 2062
35494 2062
35496 2062
35498 2190
35500 142
35502 14
35504 14
35506 8
35507 8
35508 8
35509 8
35510 8
35511 8
35513 8
35515 65535
35517 64
35521 32772
35527 32768
35529 32768
35531 4
35536 32772
35540 36
35544 32
35550 2184
35553 136
35554 136
35555 136
35556 136
35557 136
35558 136
35559 136
35560 136
35561 8
35562 6
35564 2
35565 2
35566 2
35567 2
35568 2
35569 2
35570 3
35571 1
35572 3
35573 3
35574 3
35575 3
35576 3
35577 3
35578 1
35579 1
35580 1
35581 1
35582 1
35583 1
35584 1
35586 65535
35589 128
35600 128
35602 128
35604 2048
35607 32768
35608 2048
35611 34816
35614 34944
35618 2048
35621 2176
35625 2176
35627 2176
35629 2048
35631 2176
35633 128
35634 128
35635 128
35637 128
35641 2
35652 65535
35654 32
35661 32
35665 32
35668 16384
35674 8
35678 4
35682 4
35686 4
35691 4
35695 4
35698 4
35704 4
35707 2
35713 2
35717 2
35719 2
35721 2
35723 65535
35724 4
35738 16384
35744 16384
35746 16384
35748 16384
35750 17408
35752 8192
35755 8192
35758 34880
35762 64
35766 32768
35769 32768
35772 49152
35774 16384
35776 16384
35779 16656
35783 256
35786 80
35790 64
35793 52992
35800 49152
35802 16384
35805 64
35809 192
35817 64
35820 64
35822 16448
35824 64
35828 64
35830 64
35834 65535
35836 65
35839 64
35840 64
35841 64
35846 64
35847 3648
35848 32768
35850 32768
35852 32768
35854 32768
35858 32768
35872 32768
35874 32768
35876 49151
35877 64
35882 64
35886 64
35891 64
35894 3648
35896 96
35899 32
35901 32
35903 34
35906 32
35909 168
35912 128
35913 136
35915 136
35916 8
35917 140
35919 76
35921 4
35922 4
35923 4
35924 140
35926 648
35928 648
35930 12010
35932 160
35935 160
35938 32800
35941 49248
35942 32768
35943 32768
35944 35906
35945 33792
35946 52334
35947 52334
35948 3168
35949 19558
35950 19552
