0 65407
49 22398
50 512
51 22140
52 512
53 6004
54 516
55 512
56 576
58 612
60 516
61 8228
62 10999
64 8388
65 8900
66 8934
67 8958
68 8938
69 2810
70 43770
71 43771
72 44031
73 44795
74 44926
75 44919
76 44918
77 52838
78 52982
79 20221
80 52463
81 61167
82 61183
83 61167
84 61167
85 61183
86 61183
87 61438
88 28670
89 53244
90 53244
91 53246
92 53244
93 53244
94 53244
95 53244
96 53244
97 53244
98 53244
99 53240
100 53232
101 52720
102 52368
103 52624
105 35200
107 32768
109 33168
111 144
113 400
116 256
120 16
124 16
131 16
145 16
153 16
158 16
170 16
182 16
191 65535
201 8704
209 1536
219 512
225 512
236 512
242 512
262 65535
310 16
315 16
319 16
325 16
329 16
331 16
333 48
335 560
337 560
339 32
340 32
341 32
342 32
343 32
344 32
345 32
346 32
347 32
348 32
349 32
350 18272
352 32
353 32
354 32
355 32
356 32
357 32
358 32
359 32
360 32
361 32
362 59248
364 59232
366 59248
368 1312
369 1280
370 32
371 1312
372 1280
373 1024
374 1024
375 1024
376 1536
377 1536
378 1536
379 64
380 1600
381 576
382 64
383 64
384 64
385 64
386 64
387 64
388 64
389 64
390 22352
392 22353
394 22353
396 30545
398 18257
400 17744
402 17744
404 17744
406 19792
408 19792
410 2048
411 2048
412 2176
413 2176
414 2048
415 3024
417 2128
419 2128
421 2048
422 2048
423 2048
424 2048
425 2128
427 2048
428 2048
429 3072
430 3072
431 3072
432 2048
433 34816
435 2048
436 2048
437 2048
438 34816
439 34816
440 35840
441 3072
442 2048
443 2048
444 2048
445 2048
446 2048
448 2048
450 2048
452 65535
454 544
455 544
456 544
457 544
458 544
459 32
460 544
462 544
464 512
468 32
470 16896
473 16384
476 16384
480 16384
485 1024
487 512
490 32
492 32
496 32
502 32
507 32
516 1536
551 1568
556 32
559 1056
564 1024
566 1024
568 1024
570 1024
572 1024
576 65535
578 128
582 128
585 128
589 128
591 128
593 128
595 128
597 128
600 2176
602 2176
604 2240
606 3305
608 128
609 192
610 192
611 192
612 1088
613 1088
614 1088
615 1088
616 1088
617 1120
618 1088
619 1120
620 1088
621 1088
622 1120
623 1120
624 1120
625 1120
626 1120
627 1120
628 1120
629 1120
630 1088
631 1088
632 17472
633 17408
634 16384
635 17952
637 512
638 512
639 32
640 32
641 544
642 544
643 544
644 544
645 544
646 544
647 544
648 32
649 32
650 32
651 32
652 32
653 32
654 32
655 32
656 32
657 32
658 32
659 32
660 32
661 32
662 32
663 32
664 32
665 32
667 544
670 816
673 48
675 32
676 48
677 497
679 16
680 16
681 16
682 16
683 16
684 16
685 304
687 16
688 16
689 48
691 16
693 16
695 16
702 16
710 16
718 16
725 16
732 65535
733 512
735 1024
744 512
754 16384
768 24576
774 16384
778 8192
781 512
783 512
785 24576
787 24576
788 24576
789 24576
790 26112
791 26112
792 1536
793 1536
794 1536
795 1536
796 1536
797 512
798 512
800 1024
803 512
805 512
806 1536
807 1536
808 1536
810 1536
811 1536
812 1536
813 512
814 512
816 1536
818 1536
824 1024
825 1024
827 1536
829 1536
831 1024
833 9216
835 1024
836 1024
837 9216
839 1024
840 1024
841 1536
843 1024
844 1024
845 1024
846 26112
848 16384
849 1536
852 1024
854 17408
857 16384
859 16384
861 1024
863 1024
865 65535
867 65535
899 16384
901 512
903 17408
905 25600
907 24576
909 16384
910 26112
912 512
913 512
914 25088
915 25088
916 24576
917 24576
918 24834
919 26466
920 26470
921 26470
922 26214
923 61030
924 61029
925 61029
926 61037
927 61037
928 61037
929 61037
930 61165
931 61133
932 52940
933 52942
934 52938
935 52424
936 50240
937 50240
938 58560
939 58944
940 58944
941 58946
942 58946
943 26176
944 26176
945 26176
946 18496
947 18560
948 61120
949 28352
950 52416
951 34880
952 34880
954 1600
956 1024
957 26176
959 25600
961 1024
962 25600
964 24576
965 24576
966 26112
967 26112
968 9728
969 9728
970 1536
971 1536
972 1536
973 512
974 2048
976 2048
978 1024
979 1536
980 1536
981 1024
982 1024
983 1536
984 1024
986 26112
988 25600
990 8192
992 512
994 8192
995 16384
997 16384
998 16384
999 26112
1001 1536
1002 1536
1003 512
1004 1536
1005 17920
1006 26112
1007 26112
1008 26112
1009 25600
1010 8192
1011 8192
1012 25600
1013 17408
1014 17408
1015 1024
1016 17408
1017 17536
1018 19584
1019 17536
1020 19584
1021 19584
1022 19584
1023 19584
1024 19456
1025 17408
1026 17408
1027 1024
1028 17440
1029 17440
1030 17440
1031 17440
1032 17440
1033 17416
1034 17416
1035 1056
1036 1056
1037 9760
1038 8736
1039 8736
1040 8736
1041 8704
1042 8704
1043 8704
1044 8704
1045 8704
1046 8704
1047 8704
1048 8736
1049 8736
1050 8736
1051 8736
1052 13088
1053 13088
1054 13088
1055 13088
1056 8992
1057 8992
1058 8992
1059 65535
1060 64
1072 64
1096 2
1135 65535
1158 65535
1206 256
1241 64
1264 65535
1267 16384
1269 24576
1271 16384
1273 512
1303 768
1313 512
1314 768
1316 1216
1322 3297
1324 1088
1325 3296
1327 1216
1328 512
1335 32
1338 32
1341 512
1345 512
1347 512
1354 544
1359 64
1369 64
1379 65535
1389 128
1391 512
1393 512
1394 512
1395 1024
1397 512
1401 65535
1407 1377
1409 1395
1411 65
1412 65
1413 99
1414 2
1415 34
1416 96
1417 291
1419 32
1420 32
1421 65535
1422 64
1427 16
1431 128
1440 65535
1443 8192
1444 8704
1446 512
1450 64
1453 64
1457 512
1461 65535
1463 4096
1465 4096
1467 12288
1470 8192
1472 12288
1474 12800
1476 12352
1478 8192
1480 8256
1482 64
1484 64
1486 65535
1488 128
1492 64
1496 64
1503 65535
1507 64
1509 4160
1512 4096
1515 4096
1518 4096
1521 4096
1525 4096
1527 4096
1529 4096
1530 4352
1531 800
1532 512
1533 8704
1534 24576
1535 16384
1536 24576
1538 65535
1540 8192
1542 9216
1545 8224
1547 9216
1549 24608
1551 8224
1553 8224
1555 24576
1557 24576
1559 24576
1561 8192
1562 24576
1563 24576
1565 16384
1566 65534
1567 12392
1568 104
1569 12376
1570 14424
1571 2056
1572 11468
1574 1088
1575 128
1576 2184
1577 2280
1578 14568
1579 14560
1580 14496
1581 4256
1582 4224
1583 12288
1584 12288
1585 32
1586 32
1587 32
1588 16416
1589 16416
1590 32
1591 8224
1592 16416
1593 24672
1594 10304
1595 2624
1596 2624
1597 2132
1598 3412
1599 57343
1600 4
1611 64
1617 68
1620 65535
1623 4096
1629 32
1632 32
1635 32
1641 32
1644 32
1646 32
1648 8192
1649 8192
1650 8192
1651 8192
1652 8192
1653 65535
1656 57304
1657 39260
1658 39740
1659 37685
1660 6456
1661 39224
1662 39248
1663 39376
1664 39416
1665 39416
1666 6588
1667 4510
1668 4502
1669 4502
1670 4368
1671 4368
1672 4368
1673 6419
1674 7568
1675 22928
1676 18704
1677 20432
1678 1876
1679 1637
1680 30305
1681 29184
1682 9844
1683 10102
1684 17748
1685 18260
1686 5968
1687 5938
1688 30643
1689 32691
1690 65535
1691 32
1694 32
1698 2048
1712 2048
1714 2048
1716 65535
1717 1024
1719 17408
1720 16384
1721 16384
1724 64
1729 16448
1734 1088
1737 65535
1743 40946
1744 39666
1745 6898
1746 6866
1747 15090
1748 15059
1749 11249
1750 11255
1751 2803
1752 8179
1753 15313
1754 11187
1755 43923
1756 43761
1757 2787
1758 2786
1759 2786
1760 2274
1761 35010
1762 35058
1763 3315
1764 3826
1765 3314
1766 3187
1767 1105
1768 1648
1769 22128
1770 22131
1771 22131
1772 1650
1773 1394
1774 1378
1775 1120
1776 1122
1777 1122
1778 18018
1779 65407
1780 32768
1781 34816
1782 34816
1784 34944
1785 34952
1786 32776
1787 32776
1788 32776
1789 32896
1790 128
1791 128
1792 34816
1793 32768
1794 32768
1795 16392
1797 2056
1799 65535
1801 12543
1802 13055
1803 12543
1804 45823
1805 45823
1806 46079
1807 46078
1808 1022
1809 1022
1810 1022
1811 1022
1812 3070
1813 996
1814 868
1815 868
1816 8992
1817 8736
1818 8736
1819 9056
1820 65535
1822 768
1823 768
1824 784
1825 816
1826 816
1827 784
1828 784
1829 8976
1830 8960
1831 8960
1832 8448
1833 8192
1834 1280
1836 9472
1838 1792
1840 768
1842 65535
1843 544
1845 608
1847 544
1848 512
1849 544
1851 544
1853 512
1854 544
1855 544
1856 512
1858 608
1859 32
1860 32
1861 544
1863 516
1865 516
1867 65535
1868 65535
1902 64
1916 4
1928 65535
1934 32
1935 16400
1936 8208
1937 8208
1938 8464
1939 12304
1940 12304
1941 12816
1942 30000
1943 29744
1944 22864
1945 39216
1946 35616
1947 4128
1948 36896
1949 38944
1950 38944
1951 18464
1952 544
1953 544
1954 4864
1956 1536
1957 1312
1958 17776
1959 65535
1960 25344
1962 800
1964 546
1965 34
1966 8226
1967 34
1968 34
1969 32
1970 32
1971 1120
1972 1568
1973 544
1974 32
1975 16
1976 256
1977 337
1979 257
1980 256
1981 273
1983 337
1985 65535
1987 8192
1992 8192
1994 512
1996 8192
2001 8192
2004 8192
2007 16384
2009 65535
2015 28256
2016 28256
2017 44608
2018 34368
2019 34368
2020 17472
2021 50368
2022 33984
2023 35008
2024 51392
2025 51328
2026 34944
2027 43136
2028 43136
2029 10368
2030 10240
2031 40960
2033 8704
2035 1536
2037 1024
2040 1536
2042 8192
2043 8192
2044 8192
2045 8192
2046 32768
2048 32768
2049 32768
2051 65535
2052 5922
2054 544
2055 1568
2056 8736
2057 544
2058 16896
2059 8192
2060 512
2061 8704
2062 8192
2063 8704
2064 8704
2065 8192
2066 512
2067 512
2068 8256
2070 8768
2072 8256
2074 8768
2075 8192
2076 8256
2077 8768
2078 8192
2079 8192
2080 65535
2081 64
2082 64
2083 64
2084 64
2085 64
2086 64
2087 64
2088 64
2089 1088
2090 1088
2091 1088
2092 1088
2093 1602
2094 9792
2095 9792
2096 9282
2097 1088
2098 1088
2100 64
2102 1024
2104 1024
2106 65535
2111 32768
2112 32768
2113 50180
2115 25132
2117 8236
2119 4
2121 38
2123 2
2124 2
2125 2
2126 1030
2128 1036
2130 48
2133 34
2134 34
2135 32
2136 14
2138 42
2139 42
2140 34
2141 2
2142 65535
2144 256
2147 288
2150 32
2152 32
2154 32
2156 32
2158 32
2160 544
2162 4128
2164 36960
2166 65535
2167 16
2173 48
2177 544
2179 512
2180 32
2181 544
2183 544
2186 65535
2189 1011
2190 1011
2191 755
2192 755
2193 738
2194 226
2195 194
2196 198
2197 198
2198 198
2199 198
2200 198
2201 230
2202 166
2203 742
2204 742
2205 230
2206 230
2207 228
2208 228
2209 228
2210 228
2211 65535
2212 1536
2215 512
2219 512
2223 512
2226 512
2228 512
2229 512
2231 512
2233 512
2234 16896
2236 16384
2239 65527
2243 1776
2249 4082
2253 752
2256 51447
2263 509
2271 4095
2278 65535
2283 32
2288 50688
2305 33280
2307 32819
2330 1
2333 1
2336 35
2339 35
2342 1
2345 12
2349 14
2351 14
2352 8
2353 8
2354 14
2355 14
2356 16398
2358 12
2359 14
2360 16398
2362 14
2363 8
2364 8192
2372 65535
2408 64
2413 64
2417 64
2423 16384
2426 16384
2428 16384
2430 16384
2432 16384
2434 16384
2436 16384
2439 17408
2445 4
2453 4
2460 1024
2467 32
2482 544
2488 32
2492 512
2496 16384
2501 16384
2504 32
2507 32
2510 32
2513 32
2515 48
2517 48
2519 48
2521 16
2522 16
2523 305
2525 49
2527 32
2528 305
2530 33
2532 32
2534 33
2536 37
2538 39
2540 35
2542 32
2544 12720
2547 4096
2549 4400
2551 47536
2553 12320
2554 12321
2556 3
2557 51
2558 307
2559 4375
2560 4119
2561 4119
2562 36951
2563 36951
2564 39127
2565 32983
2566 35031
2567 2263
2568 2263
2569 208
2570 144
2571 32
2572 1
2573 245
2575 177
2577 181
2579 64
2581 64
2583 64
2585 65535
2587 8192
2589 8192
2593 8192
2597 8192
2600 1024
2604 9216
2608 8192
2611 8192
2613 8224
2619 8192
2622 8192
2626 8192
2631 8192
2638 8192
2640 8192
2642 8704
2645 65535
2646 17
2650 512
2653 64
2656 64
2659 16
2662 64
2665 64
2667 64
2669 32833
2671 577
2673 1024
2674 1
2677 4608
2680 1088
2683 64
2685 64
2686 576
2688 64
2689 64
2690 64
2692 288
2694 32
2698 32
2701 64
2704 257
2707 273
2709 8193
2711 8465
2713 8192
2714 8192
2715 8256
2716 8256
2717 12864
2719 4160
2720 5184
2721 64
2722 64
2723 64
2724 576
2726 64
2727 64
2728 64
2729 117
2732 64
2733 112
2736 16
2738 16
2740 32
2742 32
2744 32
2746 48
2749 4096
2752 12288
2755 4096
2758 32
2761 32
2764 8224
2768 48
2774 512
2777 512
2780 1024
2784 16384
2787 16384
2790 32768
2792 32768
2795 8736
2799 64
2804 32
2807 32
2810 2176
2813 144
2817 64
2819 192
2821 2240
2823 64
2825 64
2827 64
2829 64
2831 64
2833 64
2837 64
2840 64
2842 65535
2845 8192
2853 8192
2870 8192
2884 8192
2893 32
2900 2
2925 32
2938 8192
2943 8192
2953 49151
2975 17
2985 4096
2990 16
3000 4096
3005 16
3010 32
3029 65535
3031 8192
3037 8224
3044 32
3048 32
3052 32
3056 8224
3065 8192
3070 8192
3088 8192
3100 65535
3104 64
3110 242
3113 34
3115 18
3118 2
3120 3
3122 83
3124 82
3126 16466
3128 16962
3130 16963
3132 16451
3134 16499
3136 3
3137 3
3138 19
3139 19
3140 19
3141 19
3142 19
3143 19
3144 19
3145 1
3146 9299
3148 1218
3150 192
3151 194
3152 194
3153 203
3154 1243
3155 1243
3156 203
3157 75
3158 74
3159 64
3160 64
3161 64
3162 1088
3164 115
3166 81
3168 200
3170 128
3171 138
3172 138
3173 138
3174 138
3175 138
3176 130
3177 130
3178 130
3179 130
3180 130
3181 16555
3183 21163
3185 16418
3187 2
3189 16418
3192 32
3195 4368
3199 4096
3203 64
3207 64
3212 16
3218 64
3223 64
3231 64
3238 65535
3241 64
3246 64
3252 65535
3270 8192
3273 8192
3275 32
3279 32
3282 32
3286 32
3292 32
3299 32
3302 32
3305 16384
3306 32
3311 1024
3318 16384
3321 17408
3324 1024
3328 32
3336 61439
3341 8192
3349 8192
3355 16384
3359 16384
3362 16384
3366 2176
3373 65535
3374 2048
3380 4096
3386 4096
3388 8192
3394 8192
3397 8192
3399 8192
3402 8192
3404 8192
3408 8192
3415 8192
3416 24576
3418 8704
3421 8704
3423 8192
3426 24608
3434 24576
3436 8192
3438 8192
3442 8192
3444 4096
3448 256
3451 256
3453 256
3455 4352
3457 4352
3459 4096
3461 256
3464 32
3469 32
3472 32
3475 65535
3476 128
3482 128
3487 128
3491 128
3494 128
3496 128
3499 128
3502 2176
3507 2048
3513 16
3520 16
3526 64
3534 64
3541 2048
3556 1
3567 64
3578 64
3601 16
3617 16
3621 4144
3625 48
3627 50
3629 32
3630 33
3631 99
3632 99
3633 355
3634 355
3635 359
3636 327
3637 263
3638 259
3639 295
3640 289
3641 289
3642 289
3643 33
3644 33
3645 33
3646 33
3647 291
3649 32
3650 32
3651 111
3653 33
3654 33
3655 33
3656 47
3658 47
3660 39
3662 39
3664 38
3666 8255
3668 32823
3670 39
3672 40999
3674 40995
3676 8192
3678 8704
3681 8704
3688 8192
3691 2
3696 2
3702 3
3710 512
3714 512
3721 2
3734 65535
3740 32
3746 2
3749 8224
3752 32
3754 32
3756 32
3764 34
3778 8192
3787 8192
3797 8192
3813 32
3817 8192
3821 32
3831 2048
3841 8192
3847 8192
3849 8192
3851 512
3854 512
3856 512
3857 512
3859 2560
3863 512
3869 8704
3872 8192
3874 8192
3879 8192
3892 32
3898 32
3901 32
3904 32
3909 32
3912 32
3917 32
3928 512
3950 512
3953 512
3956 512
3959 2
3963 34
3966 512
3969 32
3971 512
3975 544
3978 32
3987 65535
4005 4
4029 4
4040 4
4045 4
4074 65535
4092 512
4096 512
4097 512
4103 32
4109 8192
4116 8192
4120 8224
4129 8192
4131 8192
4135 4096
4143 64
4150 96
4155 32
4158 32
4161 32
4163 32
4165 32
4167 32
4169 32
4172 32
4175 32
4177 512
4180 512
4182 512
4184 1312
4187 1280
4189 96
4193 65535
4194 8704
4199 8192
4202 8192
4205 8208
4210 32
4215 32
4226 65535
4232 642
4276 704
4280 708
4283 192
4285 740
4287 18148
4289 192
4290 1764
4291 1764
4292 17600
4293 1088
4294 1088
4295 1088
4296 1088
4297 1088
4298 17472
4299 17476
4300 20036
4301 17476
4302 17988
4303 17476
4304 17476
4305 20036
4306 19524
4307 19524
4308 19460
4309 3072
4310 2048
4311 2048
4312 2048
4313 28228
4315 28224
4317 28228
4319 28228
4321 20032
4323 60997
4325 60997
4327 60933
4329 2048
4331 59904
4334 2048
4337 59904
4340 8192
4343 65535
4345 65535
4388 512
4409 512
4425 512
4441 512
4458 512
4467 544
4511 512
4554 512
4556 512
4559 512
4563 512
4566 512
4576 1824
4593 512
4597 1024
4611 65535
4614 512
4637 512
4641 1024
4643 1024
4645 1024
4685 1024
4702 1024
4725 1024
4727 1024
4729 1024
4733 1024
4742 1024
4747 1024
4750 1024
4753 1024
4757 1024
4759 1024
4761 1024
4763 1024
4765 1024
4769 1024
4772 1024
4775 1024
4777 1024
4780 1024
4782 1024
4785 1024
4788 1024
4792 65535
4798 32
4828 65535
4931 1024
4940 1024
4953 1024
4996 65535
5020 1088
5024 1088
5027 1088
5030 1024
5033 64
5037 16
5042 1024
5046 1536
5050 512
5053 512
5055 512
5057 2048
5063 512
5066 512
5069 64
5084 65535
5097 1024
5109 1024
5117 1024
5154 512
5159 512
5164 512
5170 8192
5177 512
5192 512
5194 512
5196 512
5197 32
5200 32
5202 32
5205 8192
5210 8192
5215 8192
5228 544
5255 8192
5257 4096
5262 65535
5287 1024
5296 1024
5299 1024
5301 1024
5302 17408
5304 33792
5305 33792
5306 1024
5307 1024
5308 1024
5310 1024
5313 16384
5328 16384
5330 49152
5331 49152
5332 16384
5333 16384
5334 16384
5335 17408
5336 16384
5337 1024
5339 1024
5343 1024
5352 1024
5360 1024
5362 1024
5364 1024
5368 32
5377 32
5381 32
5384 32
5388 512
5393 512
5400 8192
5414 512
5416 512
5418 512
5420 65535
5423 8192
5438 65535
5466 32
5471 512
5518 512
5586 32
5606 32
5612 32
5618 32
5658 32
5663 512
5670 512
5674 32
5689 8192
5719 32
5745 512
5750 65535
5755 512
5763 512
5769 512
5810 65535
5814 4096
5834 24576
5866 8192
5869 8192
5871 512
5873 8704
5875 8192
5877 8192
5879 8192
5880 8192
5881 8192
5883 8192
5887 8192
5892 8192
5899 8192
5921 512
5936 512
5946 512
5952 9728
5963 8192
5966 8192
5969 8192
5973 8192
5976 9728
5982 8192
5987 8192
5992 8192
6001 8192
6011 8192
6020 65535
6021 16
6067 65535
6080 64
6133 1024
6146 64
6154 65535
6175 8192
6186 8192
6197 8192
6205 8192
6207 8192
6209 512
6211 512
6213 8704
6215 8192
6217 8224
6220 8192
6225 8192
6228 24576
6232 8192
6234 8192
6236 8192
6240 24576
6243 40960
6245 40960
6247 50784
6249 65535
6250 32
6252 32
6254 34
6256 2
6257 2
6258 5667
6260 34
6261 34
6262 35
6263 34
6264 547
6265 544
6266 17954
6268 578
6270 1635
6272 514
6273 515
6274 515
6275 515
6276 14035
6277 14035
6278 13971
6279 13779
6280 14299
6281 14314
6282 14282
6283 12270
6284 12270
6285 10214
6286 9958
6287 9670
6288 28126
6289 20447
6290 53247
6291 53247
6292 57341
6293 65533
6294 65533
6295 65533
6296 56829
6297 56829
6298 57339
6299 40955
6300 40891
6301 39867
6302 65535
6303 16433
6305 17
6306 529
6307 17
6308 1
6309 4864
6311 12576
6313 4352
6314 4352
6316 768
6319 544
6321 512
6322 512
6323 512
6324 512
6325 26112
6327 25600
6329 25664
6332 17408
6334 1024
6336 4
6342 65535
6345 32768
6347 48
6351 115
6353 35
6354 115
6355 99
6356 99
6357 99
6358 107
6359 1123
6360 66
6361 66
6362 64
6363 32
6364 96
6365 96
6366 96
6367 36455
6369 35941
6371 35957
6373 1120
6375 1088
6377 1024
6379 16
6384 48
6388 32
6390 32
6392 32
6394 32
6396 32
6398 32
6401 32
6405 32
6415 512
6426 32
6430 32
6433 32
6435 32
6438 32
6442 32
6447 65535
6453 16384
6455 16384
6457 32
6461 17408
6467 17408
6470 16384
6472 32
6474 32
6477 32
6480 32
6482 32
6486 32
6492 24608
6501 12288
6502 12800
6503 544
6504 32
6505 32
6506 32
6507 32
6508 32
6509 544
6511 32
6513 32
6516 65535
6518 32
6549 32
6562 65535
6575 32
6580 32
6583 16384
6590 32
6617 4128
6620 4096
6621 4608
6625 32
6636 32
6639 4096
6641 4128
6643 8192
6644 8192
6645 8192
6646 16384
6647 16384
6648 512
6649 512
6650 512
6651 512
6652 1536
6653 21504
6654 20480
6655 512
6657 32
6662 32
6673 65535
6687 32
6707 32
6725 32
6740 65535
6762 32
6778 32
6785 512
6791 8192
6796 32
6799 32
6803 1056
6808 32
6810 32
6812 4128
6814 5120
6816 1056
6819 65535
6821 32
6832 32
6839 32
6848 12
6856 65535
6858 1024
6862 1024
6864 1024
6867 512
6869 512
6871 512
6873 512
6874 512
6875 33
6876 33
6877 34833
6878 34833
6879 51251
6880 51251
6881 51263
6882 59455
6883 59551
6884 59549
6885 35007
6886 35006
6887 35070
6888 35036
6889 35006
6890 34990
6891 172
6892 236
6893 33004
6894 33796
6895 1060
6896 1024
6897 17408
6899 16384
6900 16384
6901 8192
6903 8192
6905 8192
6907 24576
6909 26112
6911 1024
6912 1536
6913 1536
6914 1536
6915 512
6916 1536
6918 64
6920 68
6922 612
6924 64
6925 64
6926 576
6927 1600
6928 1600
6929 1024
6930 1024
6931 18500
6933 2048
6934 128
6935 1216
6936 64
6937 64
6938 64
6939 64
6942 1024
6946 1088
6949 1088
6951 64
6952 64
6953 64
6954 64
6955 204
6956 142
6957 138
6958 138
6959 35530
6960 35018
6961 35018
6962 35016
6963 2252
6964 2188
6965 2188
6966 2180
6967 2180
6968 2180
6969 2180
6970 2052
6971 2220
6973 32
6974 2600
6976 1576
6978 8
6979 8
6980 8
6981 4104
6983 4360
6985 65535
6987 8
7000 8
7002 8
7004 360
7006 17916
7008 76
7009 76
7010 76
7011 332
7012 16716
7013 16716
7014 16716
7015 16732
7016 16732
7017 348
7018 16732
7019 16860
7020 17884
7021 16860
7022 16860
7023 16860
7024 57820
7025 58332
7026 59084
7027 59084
7028 59084
7029 59084
7030 60108
7031 60108
7032 60044
7033 60100
7034 27268
7035 43686
7036 43686
7037 41636
7038 41094
7039 41094
7040 41094
7041 8326
7042 12422
7043 4230
7044 4230
7045 4102
7046 4102
7047 4102
7048 4102
7049 4100
7050 4096
7051 4096
7052 4096
7053 4096
7054 4096
7055 4096
7056 4096
7057 4096
7058 5258
7060 5258
7062 5248
7064 5120
7066 5248
7069 5120
7072 5120
7076 4096
7093 65535
7109 64
7113 64
7115 64
7117 64
7120 64
7122 64
7124 1088
7127 1088
7129 33856
7131 1024
7132 1024
7133 33792
7134 35904
7135 35840
7136 34816
7137 36000
7138 35040
7139 35008
7140 34976
7141 34978
7142 34946
7143 34954
7144 34954
7145 2186
7146 6282
7147 6314
7148 7336
7149 7840
7150 3754
7151 1722
7152 40682
7153 65518
7154 32750
7155 32749
7156 32749
7157 14317
7158 5089
7159 320
7160 448
7161 224
7162 232
7163 192
7164 11009
7166 256
7167 2048
7168 2048
7170 8192
7175 8192
7179 2048
7184 2112
7186 64
7189 2048
7192 136
7196 64
7198 2048
7200 128
7202 192
7204 64
7205 64
7207 64
7211 64
7214 64
7216 64
7218 64
7220 64
7222 128
7226 128
7228 65535
7229 65535
7293 320
7299 256
7300 256
7302 320
7304 2304
7305 1088
7309 256
7315 256
7325 256
7327 256
7333 576
7341 8768
7343 8704
7345 8224
7347 8294
7349 103
7351 1
7352 4097
7353 1
7354 1
7355 1
7356 257
7357 1
7358 1
7359 1
7360 9
7361 9
7362 1
7363 32
7365 545
7370 32
7372 32
7378 512
7380 4608
7382 4096
7383 4096
7384 4640
7386 32800
7388 32
7390 3072
7393 32
7397 32
7400 1024
7403 41
7407 32
7409 32
7411 32
7413 32
7415 65535
7416 16384
7438 1024
7477 1024
7481 1024
7484 1024
7489 65535
7500 65535
7533 4096
7555 65535
7568 40962
7597 32768
7600 16896
7602 24576
7604 26144
7606 26208
7608 512
7609 16896
7610 16896
7611 16896
7612 16898
7613 16898
7614 25090
7615 25090
7616 25090
7617 26114
7618 26146
7619 26400
7620 8992
7621 8992
7622 8992
7623 10016
7624 8736
7625 8736
7626 8752
7627 8752
7628 8752
7629 8752
7630 8752
7631 8754
7632 8754
7633 8754
7634 8754
7635 8754
7636 25138
7637 25122
7638 25122
7639 25122
7640 25122
7641 25378
7642 25122
7643 25122
7644 25122
7645 25122
7646 25120
7647 25123
7648 25120
7649 25120
7650 8736
7651 8736
7652 8736
7653 8704
7654 512
7655 512
7656 13090
7658 12832
7660 512
7662 512
7665 512
7670 65535
7679 128
7682 128
7685 2048
7694 16
7710 128
7721 65535
7723 100
7724 36
7725 32
7727 32
7728 32
7729 32
7730 32
7733 32
7734 32
7735 32
7737 32
7740 32
7744 32
7748 32
7754 32
7762 32
7765 32
7768 32
7770 32
7773 32
7775 32
7778 32
7781 32
7786 32
7788 32
7789 32
7790 32
7791 32
7792 32
7793 32
7794 32
7796 17476
7798 64
7799 96
7800 96
7801 32
7802 32
7803 32
7804 32
7805 32
7806 32
7807 65535
7808 16497
7811 17521
7814 17489
7817 17529
7820 1089
7822 1121
7824 1121
7826 97
7828 64
7830 4
7832 4
7834 8199
7837 8192
7839 8192
7841 8192
7843 10274
7846 32
7849 8192
7855 32
7867 16384
7874 64
7877 64
7882 16384
7886 16384
7889 8192
7892 8192
7894 8192
7898 8192
7902 8256
7908 32
7918 8256
7925 65535
7931 32
7933 32
7935 512
7937 8704
7939 8192
7941 32
7943 96
7946 64
7950 64
7956 64
7960 576
7964 512
7972 512
7974 8192
7976 8704
7979 4096
7982 4096
7983 4096
7984 4096
7985 512
7988 8224
7991 8192
7993 32
7995 32
7996 8224
7998 32
7999 8224
8001 32
8003 8448
8005 8464
8007 16
8008 272
8009 768
8010 512
8011 512
8012 512
8013 512
8014 512
8015 4
8016 4
8017 4
8018 36
8020 64
8021 608
8023 512
8024 512
8025 32
8026 32
8027 32
8028 32
8029 544
8030 32
8031 2210
8033 2176
8034 34944
8035 34944
8036 34944
8037 34976
8038 34976
8039 34976
8040 32928
8041 160
8042 128
8043 672
8044 712
8045 25800
8046 58568
8047 25801
8048 58573
8049 50381
8050 50381
8051 50637
8052 25037
8053 57676
8054 24909
8055 16716
8056 76
8057 76
8058 68
8059 61804
8061 12320
8062 32
8063 32
8064 4430
8066 4096
8067 4132
8068 4132
8069 4100
8070 53262
8072 57902
8074 57966
8076 32
8077 32
8078 96
8079 102
8080 102
8081 622
8082 622
8083 49766
8084 49766
8085 50790
8086 1646
8087 5630
8088 4543
8089 37307
8090 37307
8091 4543
8092 4543
8093 4543
8094 5631
8095 5631
8096 5375
8097 5375
8098 247
8099 247
8100 85
8101 65
8102 65
8103 1
8104 64
8105 32965
8106 32837
8107 32839
8109 32775
8111 65535
8113 256
8117 4352
8120 256
8123 16
8127 80
8141 64
8148 64
8162 32
8170 65535
8190 64
8197 32
8215 65535
8218 32
8223 65535
8252 64
8277 2048
8307 2048
8311 32
8316 96
8325 32
8330 8192
8337 8192
8339 8192
8341 512
8343 512
8345 512
8346 512
8348 32
8354 512
8360 512
8361 512
8362 8704
8365 8192
8367 8208
8369 8208
8371 8192
8373 8192
8375 8192
8377 8224
8379 32
8381 32
8382 32
8383 32
8385 32
8387 32
8390 32
8394 32
8400 1056
8407 32
8411 32
8414 544
8416 544
8418 8704
8420 8192
8422 8192
8424 320
8433 32
8439 32
8446 65535
8455 64
8468 64
8480 65535
8518 65535
8568 64
8609 65535
8615 1026
8617 1026
8620 1024
8622 1024
8623 1024
8624 1024
8626 1024
8632 1024
8633 1024
8636 1024
8640 1024
8643 65535
8645 2176
8648 2065
8650 10843
8652 8787
8653 8787
8654 9083
8655 13183
8656 13307
8657 13311
8658 12791
8659 13815
8660 12597
8661 12593
8662 4405
8663 4605
8664 4605
8665 4989
8666 4920
8667 4666
8668 626
8669 638
8670 1660
8671 3828
8672 51956
8673 2745
8674 2747
8675 699
8676 10937
8677 10937
8678 10939
8679 11163
8680 8856
8681 41624
8682 41624
8683 41624
8684 8848
8685 41108
8686 12428
8687 8932
8688 8932
8689 10996
8690 45812
8691 45820
8692 54004
8693 57334
8694 57318
8695 57318
8696 22246
8697 29542
8698 29542
8699 61794
8700 28738
8701 28994
8702 21346
8703 22314
8704 21800
8705 17704
8706 17832
8707 50312
8708 49280
8709 52352
8710 52416
8711 19648
8712 1088
8713 1088
8714 64
8715 1088
8716 1088
8717 64
8718 64
8719 54882
8721 1568
8722 1568
8723 17952
8724 17952
8725 17952
8726 17664
8727 17698
8728 1314
8729 18210
8730 1824
8731 1824
8732 800
8733 800
8734 1824
8735 816
8736 816
8737 1844
8738 3892
8739 3893
8740 7479
8741 5495
8742 1524
8743 6133
8744 2037
8745 5877
8746 5877
8747 14071
8748 5879
8749 9975
8750 9975
8751 9975
8752 754
8753 8432
8754 240
8755 224
8756 160
8757 65535
8759 1024
8761 1024
8767 1056
8773 1024
8777 1024
8781 1024
8784 1024
8788 32
8793 1024
8798 1088
8805 1024
8807 1024
8808 1024
8809 17408
8811 16384
8812 16384
8813 16384
8814 16384
8815 16448
8819 16384
8821 16384
8823 16384
8828 65535
8833 64
8838 1024
8842 1024
8845 1024
8847 1024
8857 1024
8859 1024
8873 1024
8884 1024
8904 16384
8920 1024
8932 64
8944 64
8949 64
8954 64
8961 1088
8967 1024
8975 1024
8979 1024
8982 1024
8985 64
8992 1024
9002 1024
9012 1024
9018 1024
9019 1024
9022 1024
9024 1024
9027 1024
9048 1024
9075 1024
9082 1088
9185 1024
9190 1024
9196 1024
9210 1024
9218 1024
9238 1024
9246 1024
9262 1024
9276 1024
9283 65535
9309 16
9336 16
9349 16
9355 16
9361 16
9367 16
9372 65535
9374 64
9382 1024
9393 1024
9403 1024
9419 1024
9421 1024
9423 1024
9426 65535
9428 32
9434 32
9437 32
9441 128
9451 65535
9465 1024
9472 1024
9475 1024
9478 1024
9481 1024
9484 1024
9489 1024
9499 1024
9501 1024
9503 1024
9505 1024
9508 1536
9510 1024
9522 1024
9528 1024
9530 1024
9543 1024
9580 1024
9587 1024
9599 1024
9613 1024
9625 1024
9640 1024
9642 1024
9644 1024
9647 1024
9649 1024
9651 1024
9655 1024
9660 1024
9665 1024
9669 3072
9674 1024
9679 1024
9681 1024
9683 65535
9684 65535
9729 1024
9743 1024
9748 1024
9753 1024
9774 16384
9782 64
9792 65535
9797 64
9809 1024
9823 65535
9825 6
9838 16
9843 16
9848 16
9859 65535
9861 512
9862 544
9863 512
9864 1536
9866 1024
9868 1536
9870 1536
9872 1536
9874 512
9878 1024
9880 1024
9882 1024
9884 1024
9886 1024
9887 1024
9889 1024
9891 1024
9894 1024
9895 1024
9896 1024
9897 1024
9898 1024
9900 1024
9901 1024
9902 1024
9903 1024
9904 1024
9905 1024
9907 1024
9910 1024
9913 1024
9915 1024
9917 1024
9921 1024
9924 1024
9927 1024
9935 1024
9944 512
9962 512
9975 1024
9992 1024
9999 1024
10004 1024
10008 1024
10011 1024
10015 1024
10019 1024
10023 1024
10027 1024
10045 1024
10064 1024
10079 1024
10091 1024
10102 1024
10106 1024
10109 1536
10112 1536
10114 1024
10117 64
10126 1024
10132 1024
10136 1024
10141 65535
10144 32
10165 32
10171 32
10175 32
10183 65535
10187 1536
10189 1536
10191 1024
10193 1024
10194 1024
10196 1024
10198 64
10201 64
10205 1024
10208 1024
10210 1024
10212 1024
10215 1088
10218 576
10220 512
10221 1536
10222 1536
10223 1536
10224 1024
10225 1024
10227 1024
10229 1536
10231 512
10233 1536
10239 1536
10245 1536
10247 512
10249 1536
10252 1536
10254 1024
10259 1024
10273 1024
10280 1600
10284 65535
10287 64
10292 17472
10303 1024
10308 1024
10310 1024
10322 1024
10324 64
10333 65535
10334 1536
10338 1024
10340 1024
10343 1024
10348 1024
10350 1024
10357 1088
10360 1088
10366 4
10367 68
10369 576
10372 64
10376 64
10382 64
10384 1088
10386 1088
10387 1024
10388 1024
10389 65535
10391 2048
10396 288
10403 32
10411 32
10427 65535
10436 1024
10437 1024
10438 1024
10440 1024
10441 1024
10442 1024
10443 1024
10444 1024
10446 1024
10448 1088
10452 1024
10455 1024
10458 1024
10462 1024
10469 1024
10472 1024
10474 1024
10477 1024
10479 1024
10482 1024
10485 1024
10491 1024
10495 1
10504 1024
10513 1024
10564 1024
10565 1024
10566 1024
10567 1024
10568 1024
10569 1024
10570 1088
10573 1024
10574 1024
10575 1024
10576 1024
10577 1024
10578 2048
10581 1024
10583 2048
10585 1024
10588 1024
10594 1024
10597 1024
10599 1024
10601 1024
10603 65535
10605 1024
10650 65535
10663 65531
10759 32
10761 8192
10766 8192
10767 8192
10770 32
10777 32
10783 32
10786 32
10788 32
10791 32
10800 8224
10802 8192
10804 8192
10806 32
10808 32
10812 4096
10822 65535
10826 1024
10830 1024
10833 1024
10837 1024
10857 65535
10861 65535
10949 1024
10951 1024
10957 1024
10960 1024
10963 1024
10968 1024
10972 1024
10977 1024
10987 65535
10993 65535
11079 1024
11083 1024
11085 1024
11096 1024
11098 1024
11102 1024
11104 1024
11108 1024
11110 1024
11113 65535
11114 32
11117 32
11124 32
11129 32
11132 544
11135 544
11137 32
11139 32
11141 512
11143 512
11145 1536
11151 1024
11157 1024
11162 1024
11166 1024
11170 1024
11175 512
11180 9216
11188 1024
11203 32
11218 32
11222 65535
11235 1024
11237 1024
11238 1024
11239 1024
11240 1024
11242 3072
11245 1024
11246 3072
11249 1024
11257 1024
11262 1024
11266 1024
11269 2048
11275 1024
11281 1024
11283 1024
11284 1024
11286 1024
11289 1024
11294 1024
11298 1024
11300 1024
11312 1024
11315 2048
11318 512
11321 1536
11323 1024
11324 1024
11325 1024
11326 1024
11327 1024
11329 512
11339 1536
11343 1024
11347 1024
11349 1024
11356 1024
11361 1024
11363 1024
11365 2048
11372 65535
11377 4
11407 65535
11417 64
11419 64
11421 30320
11423 13842
11424 13874
11425 13874
11426 13827
11427 12803
11428 8704
11429 768
11430 8963
11431 801
11432 8993
11433 8993
11435 2560
11438 1024
11442 1024
11449 1024
11458 1024
11461 1024
11465 1
11473 1024
11479 1024
11483 1024
11489 1024
11499 1024
11505 1024
11510 1024
11512 1024
11515 1024
11519 1024
11521 1024
11523 1088
11525 17472
11527 17472
11529 16448
11531 16448
11532 16448
11533 64
11534 10049
11536 17408
11537 17472
11538 17472
11539 16384
11540 16384
11541 10240
11543 65535
11544 25804
11545 13294
11546 503
11547 2131
11548 34817
11549 58401
11550 29232
11551 12560
11552 4096
11558 32
11566 1024
11571 32
11575 32
11578 32
11581 65535
11585 4352
11586 4096
11587 12800
11589 512
11590 13056
11592 8448
11593 8448
11594 8448
11595 8192
11597 8256
11599 24832
11601 24576
11603 24576
11605 8224
11607 24608
11609 8192
11610 8192
11611 8192
11612 8192
11613 8192
11614 8192
11615 8192
11616 8192
11617 8192
11618 8192
11620 8192
11621 8192
11622 8192
11623 512
11624 512
11625 512
11626 512
11627 512
11629 512
11631 512
11634 512
11635 512
11636 512
11637 512
11639 512
11641 512
11643 512
11645 512
11647 512
11649 512
11652 512
11655 512
11659 512
11663 512
11670 8704
11674 512
11677 512
11680 512
11683 8704
11685 512
11696 512
11702 512
11706 512
11709 512
11711 512
11713 512
11715 512
11716 512
11717 512
11718 512
11719 512
11720 512
11722 16384
11725 16384
11727 64
11730 65535
11736 1024
11776 65535
11777 4
11791 16384
11812 16384
11816 1024
11820 1024
11823 64
11835 64
11853 64
11858 65535
11860 2
11863 2
11866 2
11869 2
11873 4
11877 4
11883 4
11887 65535
11894 49152
11895 16400
11896 16656
11897 16656
11898 17664
11899 16640
11900 16384
11901 16384
11902 18432
11903 16386
11904 51626
11906 65496
11908 61386
11910 384
11911 8448
11912 8584
11913 41352
11914 8584
11915 47496
11916 43400
11917 43400
11918 10632
11919 10632
11920 10700
11921 10700
11922 16460
11923 1092
11924 25668
11925 1364
11926 1364
11927 1348
11928 1092
11929 4100
11930 5460
11932 279
11934 2
11935 258
11936 130
11937 2184
11938 2186
11939 2184
11940 6280
11941 6281
11942 6537
11943 2441
11944 2473
11945 441
11946 273
11947 113
11948 1137
11949 1361
11950 1365
11951 1365
11952 1109
11953 1092
11954 1092
11955 1092
11956 32836
11957 32768
11958 32768
11959 32802
11961 32770
11963 32770
11965 32770
11967 32770
11969 49154
11971 49186
11973 51234
11975 51232
11977 16400
11980 16
11984 16
11986 16
11988 2065
11990 16
11991 16
11992 2064
11993 2064
11994 16
11995 16
11996 2064
11998 2064
12000 3088
12002 1040
12004 3088
12007 3072
12010 3072
12014 65535
12017 512
12033 32
12097 65535
12098 512
12106 512
12115 68
12144 256
12150 65535
12159 32
12189 512
12210 512
12232 512
12245 65535
12249 32
12260 32
12297 34624
12327 1344
12329 1344
12331 1344
12333 1344
12335 1344
12337 1344
12339 1088
12341 32
12346 32
12352 32
12358 32
12364 544
12374 512
12379 65535
12381 65535
12418 65535
12563 32
12593 512
12599 256
12607 544
12613 33312
12616 32800
12618 62240
12620 49152
12621 57344
12622 57344
12623 57344
12624 57344
12625 57344
12626 24576
12627 24576
12628 24576
12629 24576
12630 24576
12631 8192
12632 8192
12633 8192
12634 8192
12635 8192
12636 8192
12637 12320
12639 12320
12641 12320
12643 8192
12645 8192
12648 12288
12652 8192
12654 16
12657 12560
12662 12320
12664 12320
12666 12320
12668 12288
12670 12288
12672 8208
12675 288
12678 12320
12681 12288
12683 12320
12685 12320
12687 12320
12689 12288
12691 65023
12693 1088
12702 1024
12706 1024
12709 1024
12717 65535
12750 32
12766 512
12773 512
12788 32
12800 32
12808 4096
12818 65535
12835 32768
12845 1024
12854 68
12858 2052
12861 2112
12864 2048
12866 2048
12868 2048
12873 8256
12882 65535
12891 8192
12904 32
12917 4096
12931 32
12945 512
12960 544
12974 8192
12986 4096
12989 4096
12992 4096
13000 512
13006 65535
13007 64
13051 65533
13063 32
13071 32
13148 65534
13218 64
13247 2048
13250 2048
13252 2048
13253 2048
13254 2048
13255 2048
13256 2048
13257 2048
13258 2048
13259 2048
13260 2048
13261 2048
13262 65535
13264 512
13271 2688
13276 128
13279 128
13281 128
13283 5312
13286 4096
13288 64
13290 16448
13292 65535
13293 2184
13295 2184
13297 64
13300 64
13310 64
13322 64
13330 64
13337 64
13345 64
13356 32832
13380 32768
13383 65535
13388 2048
13391 64
13395 96
13399 32
13403 288
13408 256
13409 256
13410 256
13411 256
13412 256
13413 256
13414 32
13423 65535
13436 65535
13586 1024
13601 64
13726 65535
13745 32
13751 32
13753 32
13757 32
13760 32
13762 32
13765 32
13770 65535
13782 64
13816 4096
13857 65535
13875 32
13902 32768
13929 32768
13930 2048
13932 32768
13936 34816
13937 65535
13939 64
13953 1024
13966 65535
13973 1024
14036 1024
14055 65535
14099 1024
14112 32
14126 32
14139 16416
14155 65535
14159 16384
14193 16384
14197 8192
14212 65535
14215 16384
14228 544
14249 65535
14261 1152
14265 1536
14268 1536
14271 1024
14275 1024
14278 1024
14281 1024
14285 1024
14287 50688
14290 1024
14292 1024
14294 1024
14296 1536
14298 1536
14300 1536
14302 1024
14304 34304
14307 50688
14309 1024
14311 58368
14315 32768
14318 1024
14321 1024
14324 1024
14336 1024
14339 1024
14342 1024
14348 1024
14354 1024
14359 1024
14363 1024
14371 1024
14386 1536
14395 1536
14401 3072
14408 1024
14414 1024
14421 65535
14435 57343
14456 64
14488 65535
14509 32
14527 32
14542 32
14554 65535
14578 65535
14615 32
14622 32
14632 32
14672 32
14684 32
14699 8192
14719 8192
14721 65535
14736 64
14825 65535
14845 1024
14867 16
14888 20216
14898 1568
14900 18040
14903 17952
14905 26360
14908 1024
14910 1536
14912 1600
14914 1
14917 1
14919 1
14921 1
14924 16
14928 16
14932 30720
14951 64528
14953 30736
14956 31760
14959 2048
14961 2048
14963 2048
14967 32
15053 32
15085 32
15091 32
15124 32
15134 65535
15167 6
15176 2
15181 2
15193 4
15199 4
15204 4
15210 4
15218 2
15224 4
15227 4
15229 4
15231 4
15233 1
15237 4
15246 2
15260 4
15263 4
15266 1
15270 4
15285 65535
15303 512
15354 32
15359 512
15386 512
15396 8192
15400 8192
15403 4096
15407 4096
15410 4096
15411 4096
15414 4096
15418 256
15423 256
15427 256
15434 512
15441 32
15452 512
15458 1536
15467 65535
15468 4
15470 4
15472 4
15473 4
15474 4
15475 4
15476 4
15477 4
15478 4
15479 4
15480 196
15482 1216
15485 1024
15489 192
15493 192
15496 64
15503 64
15508 96
15516 32
15519 32
15523 32
15526 32
15531 32
15535 32
15538 32
15540 32
15545 512
15547 518
15549 12
15551 580
15553 516
15555 4
15556 4
15557 4
15559 4
15561 4
15564 64
15567 4
15570 4
15572 4
15573 4
15574 4
15575 132
15576 132
15577 136
15578 136
15579 136
15580 204
15581 140
15582 140
15583 65535
15584 256
15585 256
15586 256
15587 256
15588 256
15589 256
15590 256
15592 256
15594 256
15595 256
15596 256
15597 256
15598 256
15599 272
15601 256
15603 2816
15605 10704
15607 14800
15609 128
15610 128
15611 128
15612 128
15613 128
15614 200
15616 128
15617 136
15618 136
15619 136
15620 136
15621 136
15622 8
15623 136
15625 136
15627 128
15629 128
15631 176
15633 32
15635 48
15637 304
15639 310
15641 290
15643 34
15645 34
15647 32
15649 16418
15652 2
15654 2
15656 2
15658 34
15660 34
15662 34
15664 34
15666 2
15668 2
15670 32770
15672 32802
15674 32768
15676 32802
15679 1088
15682 3136
15685 3072
15687 3074
15689 546
15691 34
15693 32
15694 32
15695 32
15696 34
15698 546
15700 2594
15702 2
15703 32770
15705 1024
15707 1090
15710 2
15713 2
15715 34
15718 34
15721 33
15724 33
15727 33
15732 33
15738 32
15750 512
15762 16
15769 65535
15771 32
15774 32
15779 32
15784 32
15792 32
15807 65535
15830 64
15845 64
15855 512
15873 96
15877 32
15881 64
15893 65535
15896 61439
15947 32
16026 65531
16040 512
16070 512
16084 512
16091 32
16097 32
16103 16383
16109 16896
16115 16384
16116 22560
16118 64
16120 1029
16121 1029
16122 68
16123 2116
16124 2116
16125 43246
16127 2080
16128 2158
16129 2214
16130 164
16131 164
16132 246
16133 2805
16134 3069
16135 2941
16136 39804
16137 15124
16138 14916
16139 4160
16140 45124
16141 30724
16142 4096
16143 4096
16144 12288
16145 12356
16146 4160
16147 64
16148 8192
16149 8192
16151 4096
16152 12548
16153 12356
16154 2112
16155 47812
16156 47812
16157 14976
16158 2176
16159 2688
16160 10880
16161 10888
16162 43144
16163 43136
16164 43136
16165 39040
16166 6144
16167 22864
16168 22544
16169 20496
16170 20480
16171 20480
16172 8192
16173 24576
16174 60480
16176 8192
16177 41024
16179 41472
16181 4608
16183 32768
16184 32768
16186 20992
16190 16896
16193 512
16194 512
16195 512
16196 1024
16198 1024
16200 1024
16202 9280
16205 32768
16207 32768
16209 34880
16212 32768
16214 32768
16216 32768
16219 2048
16222 65535
16223 128
16224 128
16225 128
16226 128
16227 34944
16228 34944
16229 34884
16230 34884
16231 1092
16232 9284
16233 1088
16234 9282
16235 1058
16236 17954
16237 544
16238 4656
16239 8977
16240 8721
16241 8464
16242 4368
16243 4352
16244 4352
16245 4352
16246 4352
16249 65535
16257 64
16260 64
16261 64
16262 64
16264 64
16266 64
16269 64
16272 64
16274 64
16277 64
16283 65535
16286 64
16293 512
16304 4
16314 65535
16318 32768
16320 32768
16321 2048
16322 2048
16323 128
16324 2048
16325 34944
16326 34816
16327 136
16334 34952
16335 34816
16336 32768
16337 32
16342 136
16345 128
16346 2176
16347 34816
16348 34816
16349 34816
16351 32768
16354 32
16407 65535
16471 65535
16530 32
16588 65535
16592 1024
16601 16448
16724 1088
16728 65535
16729 4096
16741 128
16753 64
16759 34816
16763 1024
16766 1024
16769 1024
16772 512
16775 512
16778 1024
16781 512
16785 8704
16787 8736
16789 8736
16791 8192
16792 8224
16794 8736
16797 25184
16800 24576
16803 16384
16805 24576
16807 24608
16809 24736
16811 25760
16813 16384
16814 16384
16815 16384
16816 16384
16817 16384
16818 24576
16820 24576
16822 8464
16825 16
16827 48
16830 8224
16832 8192
16834 13344
16836 12288
16838 4096
16839 4096
16840 13056
16842 28672
16845 16384
16848 16448
16852 24640
16858 8192
16863 8192
16867 8224
16870 8224
16873 32
16876 32
16879 32
16884 256
16932 256
16945 32
17008 768
17027 512
17035 768
17046 256
17051 256
17054 8960
17059 12288
17063 8192
17067 8192
17073 256
17079 256
17085 4096
17089 4352
17092 4352
17094 4352
17096 256
17098 4352
17101 288
17104 256
17107 4352
17110 4864
17114 4864
17118 768
17122 16640
17127 16640
17132 16640
17137 16640
17143 65535
17146 128
17151 17408
17155 1024
17158 128
17164 65535
17198 64
17200 8260
17202 13156
17204 4356
17205 6532
17206 6532
17207 6540
17208 2472
17209 2344
17210 2088
17211 8
17212 8
17213 8
17214 8
17215 40
17217 4160
17220 4096
17221 8192
17222 8264
17223 8264
17224 45128
17225 36936
17226 37064
17227 39336
17228 39336
17229 39348
17230 39348
17231 6582
17232 2390
17233 25942
17234 25938
17235 25938
17236 82
17237 1043
17238 3
17239 35
17240 35
17241 33
17242 16385
17243 20737
17244 16657
17245 273
17246 17681
17247 1297
17248 1296
17249 1296
17250 1024
17251 32768
17252 2048
17253 34880
17255 34816
17257 24576
17259 8192
17261 40960
17263 544
17265 20964
17268 64
17269 6208
17271 4096
17272 5952
17274 512
17275 8192
17276 8192
17277 1024
17279 17472
17282 2048
17287 1024
17291 128
17293 128
17295 32896
17297 2048
17299 32768
17301 2049
17309 2048
17313 8192
17316 16384
17320 16384
17324 16384
17328 34816
17332 65535
17339 12832
17342 22016
17344 22016
17346 4096
17348 22288
17350 21248
17352 16640
17354 17152
17356 464
17358 984
17360 984
17362 10184
17364 8448
17365 8448
17366 8448
17367 8576
17368 8576
17369 12672
17370 12672
17371 12672
17372 4480
17373 6040
17374 5776
17375 5760
17376 5776
17377 640
17378 128
17379 4112
17380 4096
17381 6084
17383 4
17384 4
17385 1348
17387 320
17388 340
17390 33092
17392 260
17394 260
17396 256
17397 4352
17398 4352
17399 4352
17400 4352
17401 4352
17402 4352
17403 4352
17404 4352
17405 4096
17406 4352
17408 4096
17410 256
17412 64
17415 320
17418 1344
17421 1024
17423 1024
17425 1024
17429 16384
17450 16416
17457 97
17460 64
17462 4096
17464 4368
17466 16
17467 4112
17468 20753
17470 4112
17472 16384
17475 16384
17477 32800
17479 2216
17481 17493
17484 17408
17485 4096
17487 12800
17489 4096
17491 4096
17493 4096
17495 38912
17497 39040
17499 2176
17501 128
17503 1152
17507 4096
17515 32
17527 4096
17569 32
17605 8224
17613 8192
17616 8704
17618 8704
17621 8192
17623 8192
17625 8192
17627 8192
17629 8256
17633 8192
17646 8256
17652 8704
17656 512
17659 8704
17661 8704
17663 8192
17664 4096
17665 4096
17666 4448
17668 32
17669 32
17670 32
17671 32
17672 32
17673 32
17675 32
17677 32
17680 33
17684 32
17686 32
17688 2
17690 2
17691 2
17693 68
17694 68
17695 35528
17697 34952
17698 35016
17700 35008
17702 35264
17704 132
17706 128
17708 640
17710 640
17712 640
17714 640
17716 3200
17719 1024
17721 1024
17723 2048
17725 3584
17727 1024
17729 1092
17732 1088
17734 1088
17736 64
17738 32832
17741 32768
17744 4
17748 2048
17757 32
17762 18592
17781 16384
17786 16384
17789 17920
17791 17472
17793 1024
17794 1024
17795 1536
17797 544
17798 32
17799 32
17800 32
17801 32
17802 544
17803 544
17804 4064
17806 2304
17807 2432
17808 2176
17809 18560
17810 18568
17811 2176
17812 35200
17813 35200
17814 33024
17815 33024
17816 256
17817 256
17819 256
17821 256
17823 256
17825 2048
17827 2560
17829 2048
17832 32
17840 512
17855 1024
17866 1024
17881 512
17889 32
17897 32
17900 32
17903 512
17906 544
17909 32
17912 1024
17917 32
17920 32
17924 512
17928 96
17934 576
17936 1600
17938 1024
17939 1024
17940 33792
17941 32768
17942 49152
17943 57337
17944 64
17946 64
17948 64
17949 1088
17950 1024
17951 1024
17952 19584
17954 16512
17956 17536
17958 128
17960 16576
17962 16448
17965 192
17967 4224
17969 4224
17971 4096
17973 21184
17975 4096
17976 4096
17977 4096
17978 4096
17979 4096
17980 4096
17981 4096
17982 4096
17983 4096
17984 4096
17985 12288
17986 12288
17987 12288
17988 8192
17989 30672
17991 256
17992 256
17993 256
17994 16640
17995 16384
17996 16384
17997 17665
17999 18705
18001 16656
18003 24848
18005 28976
18007 16400
18009 16656
18011 16656
18013 272
18015 272
18017 65527
18019 16384
18029 1024
18039 1024
18046 1024
18049 1024
18054 17440
18058 1056
18061 25600
18064 24576
18066 17408
18069 1024
18071 1024
18073 16
18084 65535
18095 64
18098 64
18100 64
18108 64
18111 513
18125 64
18128 64
18130 64
18132 512
18134 1
18136 1
18138 1
18140 1
18143 65535
18146 16
18151 16
18158 16
18162 16
18172 16
18175 16
18178 272
18187 2048
18200 65535
18215 9216
18217 1024
18219 9216
18221 9728
18223 9216
18225 1024
18226 1024
18228 1024
18230 1024
18232 8704
18234 8704
18236 8704
18238 8192
18240 8192
18244 65535
18245 1024
18258 65535
18267 8192
18269 8192
18271 8192
18273 1536
18275 1536
18279 8704
18282 8192
18285 8192
18291 9216
18308 8192
18311 8192
18315 9216
18318 1024
18320 1024
18322 9216
18325 8192
18330 9216
18337 9216
18339 8192
18340 8192
18342 8192
18343 8192
18344 8192
18346 8192
18349 1024
18354 1024
18358 9216
18362 8192
18366 8192
18369 8192
18375 65535
18380 16384
18423 16384
18435 65535
18458 8192
18460 8192
18463 8704
18469 8192
18471 8192
18473 8192
18479 8192
18484 8192
18493 8192
18501 8192
18503 8192
18504 8192
18509 8192
18512 8192
18516 8192
18525 8192
18554 8192
18556 8192
18557 8192
18559 8192
18564 8192
18565 8192
18567 8192
18570 8192
18575 8192
18585 65535
18587 64
18599 64
18602 64
18605 256
18607 272
18609 272
18612 272
18616 16
18620 1088
18635 1088
18640 16384
18646 1
18653 1
18658 1
18664 1
18673 1024
18686 16384
18703 65535
18705 24576
18708 24576
18709 24576
18710 8192
18711 9216
18712 9216
18713 1024
18714 9760
18716 512
18717 1568
18719 512
18721 512
18724 32
18734 8192
18737 512
18740 512
18743 8704
18753 512
18759 512
18765 512
18773 9728
18776 512
18778 9728
18780 1024
18782 1024
18784 1024
18787 9216
18792 8192
18796 1024
18800 1024
18803 8192
18814 8192
18825 65535
18833 512
18874 512
18895 16384
18927 512
18996 512
19020 4096
19047 65535
19055 16384
19074 16384
19106 16418
19113 8192
19124 65535
19138 64
19181 64
19184 1
19186 1
19187 1
19188 8225
19189 8225
19190 8225
19191 8227
19192 3
19193 8210
19194 8722
19195 8242
19196 13154
19197 4978
19198 338
19199 338
19200 342
19201 324
19202 324
19203 324
19204 260
19205 388
19206 4
19207 512
19212 4
19214 4
19216 4096
19219 4096
19221 4096
19222 12288
19223 12288
19224 12288
19225 544
19227 9760
19229 9828
19231 64
19232 64
19233 8260
19234 324
19235 260
19236 65527
19237 2048
19244 2048
19247 2048
19250 128
19253 128
19255 128
19258 2048
19263 2176
19268 2048
19272 2080
19277 16416
19282 8192
19290 16384
19298 8960
19305 8448
19310 256
19314 256
19319 256
19324 256
19328 8448
19332 8192
19335 256
19338 256
19341 800
19344 6688
19347 8704
19349 8192
19351 8192
19353 12288
19355 12800
19357 4096
19359 4096
19361 4608
19363 20992
19365 23088
19367 23088
19369 16384
19370 16384
19371 16384
19372 16384
19373 16656
19374 16640
19375 16656
19376 16656
19377 256
19378 256
19379 256
19380 256
19381 256
19382 2304
19383 6400
19384 2304
19385 2304
19386 3329
19387 3329
19388 2305
19389 2048
19390 7569
19392 2048
19393 3200
19394 3200
19395 3208
19396 3208
19397 1160
19398 1160
19399 17536
19400 17536
19401 17408
19402 17408
19403 17408
19404 17408
19405 17408
19406 21504
19407 23680
19408 23744
19409 7360
19410 7232
19411 7232
19412 5184
19413 40256
19414 5440
19415 5440
19416 1344
19417 320
19418 256
19419 56644
19421 64
19422 64
19423 16416
19424 16416
19425 32
19426 32
19427 4096
19428 4096
19429 4096
19430 4096
19431 4096
19432 256
19433 304
19435 304
19437 272
19439 256
19441 305
19444 9008
19449 33072
19452 272
19454 272
19456 256
19457 49011
19459 512
19464 64
19469 8192
19481 64
19549 64
19664 1024
19667 9216
19670 512
19673 32
19676 1024
19679 17408
19684 8224
19687 8192
19690 8192
19692 512
19695 8192
19697 8192
19699 16384
19702 8192
19705 8192
19708 64
19713 4130
19717 1
19719 1
19721 64
19723 64
19725 32864
19728 8224
19730 8200
19734 8192
19737 8192
19741 8192
19744 32
19747 32
19749 32
19751 28704
19754 16384
19756 16384
19757 16384
19758 16384
19759 1024
19760 1024
19761 1024
19762 512
19763 512
19764 512
19765 512
19766 8704
19768 8704
19770 8704
19772 8704
19774 8192
19776 8192
19778 8192
19781 8704
19788 8704
19791 8704
19793 8704
19795 8704
19797 9792
19799 512
19800 8704
19802 65535
19851 8
19854 136
19858 128
19861 68
19866 32
19869 32
19871 32
19873 32
19875 32
19878 32
19880 48
19882 16
19884 16
19886 16
19887 16
19888 16
19890 16
19892 16
19904 64
19917 65535
19920 65535
19967 1024
20012 8
20026 8
20032 8
20037 36
20045 16
20050 32
20057 272
20064 65535
20079 16
20090 32
20134 512
20140 512
20145 512
20160 65535
20167 1088
20170 1024
20172 1024
20174 3072
20176 1088
20178 1088
20180 1090
20182 1024
20185 512
20199 256
20204 256
20207 256
20211 2
20217 2
20225 65535
20265 512
20271 64
20284 512
20287 512
20290 1024
20294 16
20301 2
20307 512
20310 512
20313 512
20318 4
20324 4
20330 4
20340 32
20352 32
20357 32
20364 32
20380 34
20394 1026
20404 1024
20408 1024
20417 32
20424 32
20429 32
20437 32
20439 32
20442 64
20453 64
20463 66
20480 512
20485 4
20489 4
20494 2
20501 4
20507 68
20523 1024
20526 1024
20530 64
20533 64
20536 4
20539 4
20542 2
20546 3
20549 4
20552 68
20557 68
20562 65535
20565 64
20582 1536
20590 1024
20592 1024
20594 1024
20598 1024
20606 32
20615 32
20619 32
20634 1024
20638 65535
20645 512
20649 512
20651 512
20653 32
20656 32
20659 32
20663 32
20666 16
20669 16
20673 16
20676 256
20681 16
20685 546
20691 98
20695 36
20698 32
20702 512
20706 512
20708 512
20710 64
20718 65535
20720 4
20732 2
20743 512
20761 2
20776 2
20792 512
20809 512
20815 512
20821 512
20827 512
20832 512
20836 512
20840 544
20843 544
20845 32
20847 32
20848 32
20849 32
20850 34
20852 2
20854 2
20856 4
20858 4
20860 4
20862 20
20865 16
20867 288
20869 32
20870 32
20871 34
20873 546
20875 546
20877 546
20880 64
20883 64
20885 4
20888 65535
20889 16
20894 784
20899 512
20910 512
20927 32
20940 64
20963 64
20970 32
20975 32
20983 64
20989 64
20991 32
21020 4096
21066 4096
21070 8192
21073 256
21077 16
21079 16384
21080 16384
21084 4352
21089 512
21096 16
21106 16
21113 4096
21128 4096
21132 4096
21135 4096
21138 64
21144 64
21152 64
21154 64
21156 64
21161 528
21175 64
21187 65535
21222 32
21250 64
21287 32
21308 32
21319 65535
21337 66
21345 32768
21346 49152
21348 16384
21350 20482
21353 20480
21355 16384
21356 4128
21358 544
21360 32
21361 546
21363 544
21365 512
21367 784
21369 256
21372 16
21374 16
21382 16
21388 16
21398 16
21453 16
21457 16
21481 16
21503 512
21517 512
21518 512
21519 512
21520 544
21521 544
21523 544
21525 32
21529 32
21535 65535
21539 2
21550 2
21558 256
21565 2
21571 2
21583 17
21611 128
21632 65535
21655 32
21663 512
21708 65535
21743 64
21820 8
21856 8
21863 8
21866 8
21869 8
21872 8
21876 4
21882 4
21886 4
21890 4
21892 4
21894 4
21896 65535
21897 32
21977 32
21996 512
22014 1024
22018 32
22026 65535
22030 32
22034 96
22038 64
22043 32
22046 16
22049 4112
22052 4113
22055 4099
22058 4096
22060 4096
22062 4096
22064 4096
22066 4096
22068 4160
22071 64
22073 64
22075 64
22077 48
22079 32
22081 32
22084 32
22087 96
22090 96
22093 105
22098 1
22102 8
22107 8
22113 32
22118 2048
22122 627
22125 531
22127 563
22129 1663
22131 1663
22133 1
22134 71
22135 1655
22136 1639
22137 1639
22138 1092
22139 9828
22141 1604
22142 1636
22143 1600
22144 1092
22145 1088
22146 1092
22147 1092
22149 1092
22150 1092
22151 1636
22152 1092
22153 1636
22154 1092
22155 17988
22157 1092
22158 1092
22159 17476
22161 17476
22162 17476
22163 17476
22165 17988
22166 17476
22167 17476
22168 17476
22169 1024
22170 17476
22171 25664
22173 17472
22174 17476
22175 17472
22176 26180
22177 25796
22179 17476
22181 17476
22182 17476
22183 65535
22184 8738
22190 2
22193 4
22268 64
22299 65535
22325 19662
22326 19654
22327 19662
22328 52422
22329 36038
22330 34886
22331 34884
22332 34886
22333 34886
22334 32836
22335 32832
22336 21568
22337 21568
22338 21568
22339 21568
22340 21504
22341 20610
22342 16392
22343 16521
22344 16392
22345 57323
22347 32770
22348 130
22349 640
22350 56235
22352 32
22353 21408
22355 32
22357 3712
22360 1024
22362 1024
22364 1024
22367 1024
22391 1024
22399 65529
22411 128
22419 128
22423 64
22427 64
22430 64
22433 64
22436 96
22440 32
22444 32
22449 34
22454 34
22461 65471
22468 1601
22477 512
22479 12801
22481 4096
22482 4354
22483 12546
22484 12562
22485 12594
22486 12562
22487 13106
22488 12338
22489 12338
22490 12338
22491 12306
22492 28722
22493 28720
22494 28980
22495 28948
22496 28948
22497 28980
22498 28981
22499 57653
22500 58164
22501 58300
22502 58296
22503 60344
22504 58298
22505 61864
22506 61864
22507 56232
22508 56232
22509 56232
22510 56224
22511 56224
22512 64272
22513 64016
22514 64016
22515 64144
22516 64144
22517 64144
22518 64144
22519 64128
22520 64128
22521 47744
22522 47744
22523 14480
22524 14480
22525 14512
22526 12464
22527 28848
22528 24736
22529 25728
22530 25728
22531 25728
22532 29824
22533 25728
22534 24704
22535 24576
22536 24576
22537 24576
22538 24576
22539 24576
22540 24576
22541 24576
22542 24576
22543 24576
22544 24576
22546 24576
22549 24576
22553 16384
22560 16384
22588 65527
22598 1024
22604 16384
22606 16384
22608 1024
22611 1088
22614 64
22617 64
22621 1088
22625 1024
22630 1024
22633 1024
22644 1024
22647 1024
22653 1024
22671 1024
22676 1024
22680 512
22686 65535
22690 32768
22699 34816
22702 2048
22705 32
22708 32
22713 32
22717 65535
22728 1024
22731 1024
22737 1024
22740 1024
22743 1024
22745 1024
22747 16448
22749 24576
22751 8192
22753 8192
22755 256
22757 784
22759 272
22760 256
22761 768
22762 512
22763 512
22764 512
22765 13137
22767 1
22768 1
22769 4096
22770 256
22771 13057
22773 1
22774 8209
22775 8192
22776 8721
22778 513
22780 513
22782 512
22784 25088
22786 8192
22787 8192
22788 8192
22789 8192
22790 8192
22791 8192
22792 8736
22794 8192
22795 13088
22797 4898
22799 32
22800 256
22801 256
22802 256
22803 256
22804 256
22805 256
22806 256
22807 288
22808 288
22809 256
22810 256
22811 16704
22812 16448
22813 64
22814 64
22815 64
22816 64
22817 57343
22818 38886
22819 1088
22822 16384
22830 576
22841 1088
22845 64
22848 16384
22855 64
22858 17408
22862 1088
22865 63487
22869 32
22878 32
22886 8192
22891 8192
22892 8192
22893 8192
22894 8192
22895 8192
22896 512
22898 512
22901 512
22903 8704
22905 512
22907 8704
22909 8192
22912 8704
22915 65535
22918 32
22927 1024
22946 65535
22947 64
22949 64
22955 64
22960 64
22967 1024
22977 32
22980 65535
22986 512
22988 512
22991 4608
22993 4608
22995 4096
22996 4608
22998 4096
22999 8192
23002 65535
23015 16384
23024 512
23030 512
23039 512
23054 64511
23060 8192
23063 8192
23065 8192
23067 8192
23074 4096
23081 4096
23085 4096
23097 4096
23101 4096
23106 4096
23111 1024
23116 5120
23127 4096
23129 8192
23131 8192
23132 8192
23133 8192
23135 49151
23138 512
23143 8704
23146 8704
23149 8192
23151 16384
23152 64
23156 8704
23158 8192
23159 8192
23160 8704
23162 8704
23167 1024
23170 1024
23181 64
23203 64
23205 64
23206 64
23207 64
23208 49151
23210 48
23212 8208
23215 8704
23217 512
23218 512
23219 512
23220 16384
23224 512
23226 512
23229 512
23243 512
23256 512
23264 512
23267 1536
23272 512
23273 512
23274 512
23275 512
23276 512
23277 8736
23279 8224
23281 8192
23283 8192
23284 8192
23285 8192
23286 8192
23287 8192
23288 8192
23289 8192
23290 8192
23291 8192
23294 8192
23300 8192
23308 65535
23312 64
23317 16448
23324 16384
23331 16384
23338 128
23345 512
23352 64
23360 16384
23370 32767
23375 64
23378 1024
23381 1024
23384 64
23390 64
23395 32768
23401 64
23414 64
23439 8192
23475 64
23500 65535
23505 8192
23507 1024
23513 4096
23517 8192
23519 8192
23521 8192
23525 8224
23529 1024
23534 64511
23539 64
23549 64
23557 64
23563 64511
23625 1024
23632 17408
23634 16384
23636 32768
23638 32768
23640 64
23643 8192
23647 32768
23652 34816
23654 34816
23656 34816
23658 16384
23661 16384
23663 1024
23666 68
23672 16384
23690 49216
23693 34816
23695 49152
23697 16448
23700 20480
23704 1024
23708 1536
23711 512
23714 65535
23716 16384
23719 64
23727 1024
23734 64
23746 65535
23747 8192
23749 8192
23752 9216
23756 17408
23759 17408
23762 1024
23766 4096
23770 8192
23772 65535
23775 32
23805 32
23823 64
23828 64
23833 24576
23855 65535
23862 64
23866 64
23870 64
23875 64
23881 544
23884 32
23887 512
23889 32
23891 512
23892 512
23893 512
23895 544
23898 512
23901 512
23907 8192
23916 512
23923 32
23930 32
23949 512
23963 8192
23967 8192
23969 8704
23970 8704
23972 8192
23974 8192
23977 8192
23981 8192
23984 8192
23987 512
23997 32
24030 544
24034 32
24049 32
24054 32
24060 32
24064 512
24066 64
24069 32
24073 512
24077 544
24082 65535
24083 24640
24089 24576
24090 24576
24091 24576
24092 24608
24093 28704
24094 24608
24095 24608
24096 24608
24097 24576
24098 24736
24099 24608
24100 24576
24101 24704
24102 8320
24103 128
24104 8192
24105 8320
24106 128
24107 128
24108 31936
24110 29888
24112 29760
24114 11456
24116 13376
24118 15424
24120 8192
24121 10240
24122 15504
24124 8192
24125 8192
24126 15376
24128 14608
24130 12288
24131 12288
24132 14608
24134 14608
24136 4096
24138 12560
24140 12560
24142 12560
24144 8192
24148 8192
24153 8192
24160 24608
24167 16384
24173 16384
24180 16384
24186 256
24190 20738
24193 16646
24196 262
24199 4430
24202 64
24253 64
24267 8676
24272 128
24275 1152
24278 9640
24281 9472
24284 9536
24288 9216
24292 40960
24296 8192
24304 8192
24310 8192
24315 1416
24318 129
24320 209
24322 1
24323 2033
24325 1
24326 1
24327 2033
24329 305
24330 305
24331 305
24332 261
24333 7
24334 23
24335 7
24336 4
24337 8215
24339 31
24341 16
24342 16
24343 80
24344 80
24345 80
24346 80
24347 16
24348 16
24349 49
24351 55
24353 16
24354 16
24355 16
24356 16
24357 16
24358 16
24359 16
24360 16
24362 19
24365 16
24367 16
24369 48
24371 32
24373 36
24377 48
24379 20
24381 4
24384 20
24388 16
24390 16
24393 32
24396 36
24399 65535
24402 16
24477 16
24481 1
24484 1
24487 1
24491 1
24498 1
24550 65535
24576 1024
24591 1024
24602 32
24610 32
24632 512
24672 65535
24688 64
24698 2
24720 4
24744 128
24748 128
24751 128
24753 128
24756 32
24761 128
24765 160
24769 160
24773 128
24776 8192
24778 8192
24780 8192
24781 8192
24782 64
24784 32
24790 128
24800 128
24806 128
24809 128
24813 8
24821 512
24826 512
24840 32
24863 32
24877 32
24890 32
24897 32
24900 32
24906 32
24918 32
24926 32
24933 32
24941 2
24945 2
24949 2
24954 32
24968 65535
24969 16384
24973 1024
24975 512
24978 512
24982 512
24984 16384
24988 16384
24989 16
25013 32768
25053 32768
25056 32768
25058 32768
25062 80
25071 16384
25073 16384
25075 512
25080 512
25083 16
25095 512
25114 512
25119 2
25135 2
25145 4
25151 4
25158 4
25165 16
25171 16
25177 4
25189 16
25199 16
25213 16
25232 528
25253 512
25255 512
25265 512
25282 16
25290 16
25311 512
25342 512
25361 512
25375 17
25381 65535
25390 1
25431 1
25437 1
25443 1
25456 8
25480 136
25485 8
25488 4
25496 4
25499 4
25502 32
25507 2
25513 2
25519 65535
25662 1
25681 64
25684 1
25688 16384
25691 2
25696 32
25699 32
25702 65535
25705 32
25709 32
25716 32
25719 32
25722 32
25726 32
25737 32
25751 32
25754 257
25755 4991
25757 4991
25759 4951
25761 4439
25763 279
25765 279
25767 257
25769 2048
25772 2048
25775 4608
25778 1024
25781 1024
25784 1024
25787 5120
25790 1536
25793 1024
25796 1024
25799 1536
25802 2816
25806 2560
25810 512
25814 512
25818 512
25822 512
25826 512
25830 768
25835 65535
25838 32
25857 32
25875 32
25883 32
25892 65535
25895 6
25899 4
25903 4
25908 2
25917 32767
25927 64
25934 64
25953 64
25971 65535
25982 20615
25986 4
25987 4
25988 4
25989 5
25990 5
25991 7
25992 7
25993 7
25994 7
25995 2231
25996 2303
25997 2303
25998 2303
25999 2303
26000 2815
26001 2815
26002 4095
26003 3839
26004 4095
26005 11263
26006 11263
26007 11263
26008 44031
26009 44031
26010 44031
26011 35839
26012 3071
26013 3070
26014 10234
26015 10232
26016 10200
26017 1920
26018 768
26020 640
26021 896
26022 912
26023 400
26024 1016
26026 168
26027 136
26028 152
26029 408
26030 392
26031 136
26032 136
26033 250
26035 138
26037 136
26038 506
26039 506
26040 510
26041 478
26042 478
26043 478
26044 478
26045 2526
26046 2526
26047 2527
26048 3551
26049 3551
26050 3583
26051 3583
26052 3583
26053 3583
26054 3575
26055 3575
26056 3575
26057 3575
26058 3319
26059 3319
26060 3319
26061 3319
26062 3575
26063 3575
26064 3575
26065 2559
26066 3583
26067 2551
26068 2559
26069 2299
26070 251
26071 251
26072 187
26073 187
26074 1275
26075 1275
26076 123
26077 1147
26078 1147
26079 1151
26080 1279
26081 1663
26082 1663
26083 1663
26084 1663
26085 1663
26086 1663
26087 1919
26088 34679
26089 34679
26090 33655
26091 887
26092 887
26093 17271
26094 18295
26095 18295
26096 18295
26097 18295
26098 18231
26099 18423
26100 20407
26101 19379
26102 11251
26103 11259
26104 11259
26105 11259
26106 11259
26107 11257
26108 11257
26109 11257
26110 11261
26111 3065
26112 1021
26113 945
26114 949
26115 1013
26116 501
26117 468
26118 212
26119 212
26120 500
26121 437
26122 436
26123 308
26124 308
26125 304
26126 370
26127 256
26128 256
26129 256
26130 386
26132 256
26133 256
26134 264
26135 268
26136 334
26137 270
26138 270
26139 270
26140 270
26141 782
26142 782
26143 782
26144 782
26145 2830
26146 2830
26147 782
26148 782
26149 32782
26150 6
26151 6
26152 6
26153 4
26154 4
26155 4
26156 4
26157 4
26158 4
26159 20
26160 4
26161 4
26162 4
26163 4
26164 32772
26166 32772
26168 65535
26171 16448
26175 16384
26179 64
26182 32832
26186 16384
26195 16448
26204 65535
26210 65535
26242 64
26247 64
26252 64
26255 64
26258 64
26261 18432
26267 64
26274 64
26279 64
26283 16392
26294 65535
26303 32
26311 32
26313 32
26315 32
26317 8192
26319 8192
26322 24608
26325 24576
26327 24576
26329 16384
26331 16384
26333 16384
26335 32
26337 32
26339 32
26342 32
26344 32
26347 800
26351 512
26353 8704
26357 8192
26362 32
26374 65535
26379 64
26382 64
26386 64
26388 64
26394 64
26397 65535
26398 32
26408 32
26411 32
26414 32
26417 32
26423 32
26425 32
26427 32
26429 32
26431 32
26433 65535
26436 64
26441 64
26447 64
26454 2112
26463 4
26474 65535
26482 32
26484 32
26486 32
26488 32
26492 32
26494 32
26497 32
26499 32
26501 32
26504 32
26507 34
26512 32
26514 32
26517 32
26520 32
26524 32
26526 32
26539 32
26559 32
26573 4128
26577 4096
26579 32
26581 512
26584 32
26587 512
26592 4096
26595 4096
26597 4096
26603 8
26613 8
26617 4104
26620 4096
26622 12
26627 4096
26631 4
26635 4100
26639 4100
26642 4096
26644 32
26646 32
26648 32
26650 32
26652 32
26655 32
26660 4096
26665 65535
26669 16384
26674 16384
26677 16384
26680 16384
26683 16384
26690 64
26694 64
26707 16384
26710 16384
26712 16384
26714 16384
26717 2048
26721 2048
26726 2048
26734 2056
26745 136
26749 64
26752 8
26758 12
26762 4
26769 8
26775 65535
26777 4096
26782 4128
26785 4096
26787 32
26789 32
26791 32
26805 32
26806 32
26808 32
26810 32
26814 32
26817 32
26820 32
26824 32
26826 32
26827 32
26828 32
26829 32
26830 32
26833 32
26834 32
26835 32
26837 32
26840 288
26842 16
26844 32
26846 48
26849 256
26851 256
26853 256
26855 4128
26858 32
26860 65535
26862 64
26871 64
26888 64
26892 65535
26893 256
26894 256
26895 256
26896 272
26897 272
26898 273
26899 273
26900 273
26901 273
26902 273
26903 273
26904 272
26905 272
26906 272
26907 272
26908 272
26909 272
26910 818
26912 32
26913 34
26914 2
26915 2
26916 34
26917 34
26918 34
26919 34
26920 32
26921 32
26922 544
26923 544
26924 32
26925 32
26926 32
26927 160
26928 128
26929 32960
26931 32896
26933 32928
26935 32928
26937 96
26939 32896
26941 33440
26943 32928
26945 32896
26947 32768
26949 32768
26951 33024
26953 33056
26955 32768
26957 33024
26959 33024
26961 33024
26963 49408
26965 49408
26967 49408
26969 49408
26972 49152
26975 16384
26978 65535
26981 64
26986 1088
26989 64
26991 64
26993 64
26995 64
27011 64
27016 64
27021 64
27026 65535
27037 128
27045 256
27049 768
27056 512
27065 512
27071 128
27082 256
27089 128
27106 64
27112 128
27115 128
27118 128
27125 65535
27133 256
27155 512
27169 65535
27170 32
27173 8736
27175 8704
27177 2
27180 2
27183 512
27189 32
27194 8704
27218 65535
27220 34816
27224 3072
27227 1024
27230 1024
27233 1024
27235 3264
27251 1024
27254 3200
27260 1024
27264 128
27270 128
27286 1024
27291 1024
27298 65535
27315 64
27321 64
27324 64
27329 16384
27344 64
27352 64
27359 64
27365 64
27369 4096
27377 32
27389 96
27393 65535
27397 4096
27414 65535
27418 64
27428 64
27430 64
27434 1024
27440 2048
27466 65535
27470 512
27492 512
27496 1056
27501 32
27510 32
27514 8192
27521 16
27565 16
27576 1024
27605 128
27624 512
27629 512
27644 32767
27651 512
27660 512
27669 128
27697 128
27703 128
27711 64
27716 64
27718 64
27720 64
27723 512
27728 512
27732 1024
27735 512
27738 512
27741 16
27748 16
27752 65535
27753 64
27768 64
27779 65535
27795 1024
27803 1024
27806 2048
27808 512
27820 128
27828 32768
27830 1024
27836 4096
27859 65535
27864 4096
27879 8208
27885 20
27889 148
27893 157
27896 145
27899 16
27906 32
27915 8192
27918 8192
27920 512
27922 512
27924 512
27926 65535
27927 32
27933 34
27937 12320
27942 8192
27943 8192
27944 8192
27945 8704
27947 512
27949 544
27952 32
27957 544
27962 8704
27968 8224
27972 8192
27974 8192
27976 8192
27980 2
27984 2
27987 2
27990 32768
27994 65535
27995 64
28015 32
28030 16384
28037 16384
28039 16384
28041 16384
28043 16384
28045 16384
28047 24640
28049 24900
28051 16384
28052 16384
28053 27980
28055 27988
28057 27984
28059 8512
28061 10496
28064 8449
28067 8192
28070 65535
28073 4
28074 4
28075 4
28077 4
28078 4
28079 4
28080 4
28081 4
28082 4
28084 34
28086 4128
28087 16
28088 17
28089 17
28090 17
28091 17
28092 16
28093 4096
28095 4098
28099 38
28102 273
28105 272
28107 272
28108 272
28109 16
28110 272
28112 1
28114 4096
28117 4096
28128 65535
28129 4
28132 12
28136 8
28138 8
28140 8
28142 8
28145 8
28148 8
28151 2048
28159 65535
28175 256
28189 65535
28217 65535
28246 64
28254 512
28256 512
28260 64
28266 65535
28288 32
28299 32
28304 32
28306 32
28308 245
28310 213
28311 6357
28312 6357
28313 6357
28314 22741
28315 22741
28316 18653
28317 22733
28318 18573
28319 16525
28320 24733
28321 16541
28322 16540
28323 28828
28324 28828
28325 156
28326 30431
28328 4120
28330 4112
28332 4112
28334 4096
28336 4368
28339 1032
28342 8192
28344 12288
28349 2
28353 162
28356 1056
28360 1024
28365 16
28381 32
28389 32
28393 48
28397 32
28402 32
28421 32
28428 65535
28436 1
28487 16385
28492 17
28496 8211
28500 8211
28504 8209
28507 8208
28510 528
28513 528
28515 562
28517 50
28519 16
28520 16
28521 16
28522 16
28523 16
28524 17
28525 17
28526 17
28527 17
28528 1
28529 1
28530 1
28531 1
28532 1
28533 17
28534 17
28535 16
28536 16
28537 16
28538 16
28539 16
28540 16
28541 272
28543 256
28545 256
28547 320
28551 320
28554 256
28557 256
28560 256
28564 256
28568 256
28573 256
28578 1
28583 9
28590 8192
28597 8192
28604 8192
28611 64
28622 64
28631 8
28641 8
28660 64
28666 64
28672 64
28678 64
28695 64
28708 1
28715 1
28717 1
28719 1
28720 1
28721 1
28722 1
28723 1
28724 1
28725 1
28726 1
28727 1
28728 1
28729 1
28731 1
28734 64
28747 1
28754 1
28763 1
28773 1
28784 1
28788 64
28796 1
28812 1
28824 8
28834 1
28842 2
28846 2
28851 513
28856 1
28858 1
28860 1
28862 1
28864 1
28866 1
28868 64
28877 72
28885 8
28891 8
28899 8
28911 8
28928 65535
28955 544
28957 32
28960 32
28962 512
28964 512
28966 544
28968 32
28970 32
28971 544
28972 544
28973 32
28974 544
28975 544
28976 32
28977 32
28978 608
28980 576
28982 1088
28985 544
28987 32
28988 544
28989 544
28990 544
28991 544
28992 544
28993 544
28994 1568
28995 1536
28996 512
28997 65535
28998 64
29003 64
29010 64
29026 576
29034 512
29035 32
29036 32
29038 8208
29040 8196
29043 8277
29045 65535
29047 17
29049 16
29051 16
29053 80
29055 64
29057 64
29059 576
29062 64
29066 512
29070 128
29073 272
29076 256
29078 16
29080 529
29086 256
29090 272
29093 272
29096 16
29098 16
29100 16
29102 272
29105 16
29109 512
29116 65535
29129 512
29134 512
29136 65535
29191 512
29195 512
29198 304
29201 48
29203 32
29205 16
29207 272
29210 257
29215 304
29221 16
29224 272
29227 272
29230 16
29232 16
29234 16
29238 16
29241 16
29243 16
29246 304
29250 256
29253 768
29256 512
29259 512
29269 65535
29279 64
29285 1088
29290 64
29295 64
29301 1024
29326 1024
29333 8
29341 64
29347 8
29354 65535
29356 304
29360 272
29362 272
29364 1808
29366 1809
29368 1809
29370 1553
29372 1553
29374 1553
29376 561
29378 1585
29380 512
29381 1536
29383 512
29384 32
29387 65535
29388 8192
29392 64
29395 64
29401 64
29407 512
29416 8192
29423 8288
29436 64
29439 8192
29444 17920
29456 2048
29461 2048
29464 19584
29468 1024
29471 17472
29473 1088
29474 65535
29475 64
29478 64
29482 16
29486 16
29487 16
29488 16
29489 16
29491 65
29497 336
29499 273
29500 17
29501 17
29502 17
29503 273
29504 273
29505 272
29506 258
29507 2
29508 2
29509 2
29510 304
29511 48
29512 48
29513 32
29514 275
29516 305
29518 35
29520 32
29521 32
29522 32
29523 34
29525 2
29527 34
29529 34
29530 2
29531 2
29532 2
29533 2
29534 34
29535 34
29536 34
29537 2
29538 4
29542 8
29546 2072
29549 2072
29551 10653
29553 2064
29555 2073
29557 2064
29559 2073
29561 1024
29565 1024
29568 512
29593 65535
29603 2048
29615 4
29622 4
29627 1472
29636 128
29645 128
29649 4
29654 128
29662 128
29667 512
29679 512
29686 512
29690 512
29693 512
29696 512
29699 512
29705 192
29712 256
29721 32
29732 64
29739 512
29744 512
29748 512
29752 256
29757 13056
29763 4096
29767 12288
29771 8192
29773 8192
29775 12288
29777 12288
29779 12288
29781 4096
29782 4096
29783 4096
29784 4096
29785 4096
29786 4096
29787 4096
29788 4096
29789 4096
29790 4096
29791 4128
29792 4128
29793 4128
29794 4128
29795 4096
29796 20480
29797 28672
29798 12288
29799 12288
29800 4096
29801 4096
29802 4096
29803 4096
29804 20512
29806 20832
29808 4352
29809 256
29810 849
29812 16
29813 273
29815 8192
29817 512
29819 8720
29821 512
29822 16896
29823 25088
29824 8448
29825 8448
29826 4352
29827 4096
29828 4096
29830 64
29838 4352
29842 4096
29843 4096
29844 12288
29845 12288
29846 8192
29847 8192
29848 8192
29849 8192
29850 8192
29851 8192
29853 1
29856 8192
29859 8704
29867 65535
29871 24576
29872 24576
29873 8192
29874 512
29875 8192
29877 8192
29878 8192
29879 8704
29880 8704
29882 24576
29884 8192
29885 8192
29887 8192
29889 8192
29891 8192
29893 24576
29895 25088
29898 8704
29900 25088
29902 512
29903 25088
29904 25088
29905 24576
29906 50688
29908 16384
29909 27200
29911 10240
29913 2048
29915 8704
29918 8704
29924 8704
29927 512
29929 512
29932 1600
29935 1088
29938 17408
29940 25600
29942 24576
29944 25088
29946 512
29948 512
29950 512
29952 512
29954 8704
29959 8704
29962 8192
29965 8192
29968 8192
29972 8704
29978 65535
29990 1024
30009 1024
30083 65527
30114 4096
30129 4096
30141 4096
30146 65535
30154 17408
30158 25600
30161 24576
30163 8192
30164 16384
30165 24576
30167 512
30170 512
30172 512
30175 512
30178 512
30184 512
30187 8192
30189 8192
30191 8192
30197 8192
30222 8192
30243 8192
30249 8192
30259 65531
30283 64
30289 64
30297 64
30301 64
30305 64
30309 64
30314 8704
30320 8192
30327 30719
30330 512
30356 32767
30366 16384
30377 32768
30380 32768
30383 64
30386 64
30389 64
30395 16384
30400 25088
30403 8704
30405 8704
30407 12800
30409 4608
30411 36864
30414 32768
30416 4097
30419 4096
30421 4096
30423 4096
30426 16384
30428 16384
30430 16512
30433 16384
30435 34816
30438 16384
30441 512
30444 512
30447 32
30451 24576
30455 16416
30460 65535
30475 26112
30477 26112
30479 30208
30481 40256
30483 7168
30485 8704
30488 8704
30490 57152
30493 57152
30495 40576
30497 9728
30498 9792
30499 42080
30500 42080
30501 42048
30502 42048
30503 8800
30505 65535
30507 8192
30509 24576
30511 28676
30513 28676
30515 24832
30517 24832
30519 24832
30521 256
30523 8192
30525 8192
30528 8192
30531 8192
30537 16384
30544 16384
30549 16384
30556 16384
30573 256
30581 256
30586 256
30595 256
30613 256
30619 65532
30621 10240
30633 64
30644 8256
30667 64
30678 64
30681 64
30684 64
30722 64
30759 65535
30775 128
30782 4096
30793 32
30797 32
30801 136
30806 16416
30810 32
30812 32
30815 16416
30818 4096
30822 16416
30836 20512
30841 4096
30843 8192
30845 8192
30848 8192
30852 8192
30855 8192
30866 4096
30875 32
30883 16384
30903 57343
30906 64
30930 64
30993 64
31007 65023
31013 8192
31017 8192
31019 4096
31022 4096
31031 4096
31033 4096
31037 4096
31042 4096
31056 4096
31059 4096
31065 8
31072 57343
31080 64
31090 8192
31097 8192
31100 8192
31102 8704
31104 8192
31107 8192
31109 8192
31112 8192
31115 8960
31121 8448
31124 8192
31126 8448
31130 4352
31135 12288
31139 8192
31143 65535
31150 65535
31219 64
31272 64
31298 65535
31305 128
31361 512
31386 512
31409 512
31434 32767
31440 64
31456 64
31463 64
31468 64
31478 64
31485 64
31491 64
31495 64
31502 64
31531 2048
31577 64
31600 64
31615 64
31622 64
31628 64
31639 64
31640 64
31641 64
31642 1088
31644 25632
31646 1024
31647 1024
31648 20512
31649 20512
31650 20512
31651 32
31652 20768
31654 4096
31656 16
31658 16
31660 16
31662 16
31664 8704
31668 8720
31671 10768
31674 8704
31677 24576
31680 17408
31682 16384
31683 16384
31684 17408
31686 17472
31688 1024
31689 17408
31691 17408
31693 17408
31695 17408
31697 25600
31699 26128
31703 16
31705 17936
31707 1040
31709 1040
31711 35088
31713 32768
31715 32768
31717 32768
31718 32768
31719 32768
31720 32768
31721 32768
31722 32768
31723 33808
31725 1040
31727 1024
31728 1040
31730 16
31732 16
31734 16
31736 16
31737 16
31739 1024
31743 1024
31745 1296
31747 1024
31748 1280
31749 256
31750 256
31751 4368
31753 4112
31755 4096
31757 8192
31760 8192
31765 16
31768 16
31771 65535
31774 7168
31784 3072
31788 39936
31792 51200
31795 49152
31797 55296
31799 32768
31800 32768
31801 49152
31802 49152
31803 49152
31804 49152
31805 49152
31806 49152
31807 49152
31808 49152
31809 49152
31810 49152
31811 49152
31812 49152
31813 49152
31814 49152
31815 49152
31816 49152
31817 49152
31818 49152
31819 49152
31820 49152
31821 49152
31822 49152
31823 49152
31824 49152
31825 49152
31826 49152
31828 49152
31830 49152
31832 49152
31834 49152
31836 32768
31838 49152
31840 32768
31842 32768
31844 32768
31847 32768
31853 32768
31864 49152
31902 16384
31914 65535
31917 4096
31921 12288
31925 8192
31928 8192
31935 8192
31948 8192
31953 65279
32029 32768
32064 32768
32075 2048
32079 32768
32085 32768
32088 34816
32090 65535
32092 33280
32099 33280
32102 32768
32116 1536
32129 8192
32132 32768
32140 512
32147 512
32159 8192
32161 8192
32163 8192
32164 8192
32169 24576
32172 8192
32174 8192
32176 512
32184 32768
32192 1024
32205 32768
32215 32768
32228 32768
32232 1024
32239 1024
32257 1024
32275 65535
32286 8
32304 65535
32349 33280
32360 32768
32362 32768
32364 8192
32366 57344
32367 32768
32368 24576
32369 57344
32371 32768
32374 32768
32376 8192
32377 8192
32378 24576
32379 40960
32380 32768
32381 32768
32383 32768
32385 33792
32389 61439
32394 32768
32398 32768
32400 32768
32402 32768
32404 32768
32409 32768
32415 33280
32417 512
32418 8192
32420 9216
32423 1024
32427 32768
32432 32768
32433 32768
32435 34816
32436 32768
32438 32768
32440 32768
32441 32768
32442 32768
32445 61183
32448 16448
32457 64
32463 61183
32488 16384
32502 16384
32507 32768
32523 32768
32529 32768
32531 32768
32532 32768
32533 32768
32534 32768
32535 65279
32536 64
32552 16448
32556 17408
32558 1024
32559 1024
32560 1024
32562 1088
32565 16384
32569 16384
32577 64
32581 8192
32584 8192
32587 8192
32590 8193
32594 512
32598 512
32600 64
32602 16448
32604 512
32606 64
32610 64
32613 64
32616 16384
32618 17408
32620 1024
32622 16384
32631 512
32636 16384
32639 1
32644 4096
32647 4096
32649 8192
32654 8256
32659 64
32663 8192
32666 16385
32670 17408
32673 65535
32675 4096
32685 512
32687 32
32692 512
32695 512
32699 512
32704 512
32720 512
32722 32
32724 32
32726 544
32728 16384
32731 32
32733 32
32736 544
32741 4096
32752 65023
32754 2048
32758 17408
32763 2048
32766 2048
32768 2112
32771 64
32776 17408
32781 1024
32785 1024
32786 28672
32790 12288
32793 4096
32795 4096
32797 4096
32799 4096
32801 20992
32804 1024
32805 1024
32806 1024
32807 1024
32809 1024
32810 17408
32812 16384
32815 576
32819 16896
32828 16384
32831 65535
32839 16384
32845 1024
32849 1024
32855 32
32862 1024
32875 1024
32879 1024
32882 1024
32885 32
32890 1056
32899 1024
32901 1024
32905 1024
32911 1024
32930 64
32934 64
32939 1024
32950 1024
32963 64
32965 64
32969 256
32984 32768
32994 65535
33002 32
33006 512
33008 512
33010 256
33013 256
33016 1024
33020 1024
33022 1024
33025 8208
33031 1024
33034 1024
33037 8240
33040 8240
33043 8192
33046 1024
33051 4096
33054 4096
33057 16
33060 1024
33063 1024
33066 1024
33071 1024
33074 256
33076 256
33078 1312
33080 1312
33082 1056
33084 32
33086 1024
33090 288
33094 288
33096 1056
33098 5408
33100 5408
33102 1024
33104 1024
33106 48
33109 1040
33113 16
33118 16
33130 16
33144 65535
33148 8192
33168 8192
33171 8192
33173 8448
33175 24576
33178 25856
33184 8448
33190 16384
33193 16384
33195 16384
33197 16384
33199 16448
33203 4096
33209 65527
33210 32768
33231 32768
33238 65527
33247 17408
33251 16448
33255 8768
33258 8704
33260 8704
33262 10240
33264 32768
33266 32768
33268 16384
33271 16384
33273 16384
33274 16384
33275 24576
33277 16384
33279 25088
33281 24576
33284 16448
33287 64
33289 1088
33291 16384
33293 24576
33295 1024
33297 5120
33299 1568
33301 544
33303 32
33305 32
33307 32
33310 32768
33314 2048
33317 32
33319 32
33321 8226
33324 8226
33326 8226
33328 34
33330 1024
33332 16416
33334 16416
33336 32
33339 16384
33342 32
33346 16416
33348 17440
33350 8192
33352 8192
33354 8192
33356 4352
33359 17664
33362 16384
33364 1024
33366 1024
33368 2
33373 2
33379 1024
33383 16384
33385 16384
33387 17408
33390 1024
33393 16384
33397 16384
33400 18432
33403 2048
33404 2048
33405 64
33407 64
33410 4
33414 68
33417 68
33419 68
33421 128
33425 128
33428 128
33436 128
33466 2048
33471 1024
33478 2048
33487 2048
33488 2048
33489 65535
33503 512
33509 9728
33516 8704
33520 64
33528 65535
33531 2048
33533 2048
33536 2048
33543 9216
33544 9728
33545 1536
33546 512
33547 512
33549 256
33551 256
33553 4096
33555 4096
33560 32768
33564 18432
33569 2048
33571 16384
33575 192
33583 128
33585 2048
33588 2048
33589 2048
33591 49152
33594 16384
33597 65535
33598 65535
33630 32
33634 32
33636 24576
33638 16928
33640 544
33642 1024
33644 64
33652 1024
33656 64
33663 1024
33674 1024
33675 1024
33676 1024
33678 1536
33680 512
33681 512
33682 256
33684 256
33686 256
33692 4096
33693 4096
33694 8192
33697 16384
33702 16384
33705 16416
33707 16416
33709 16416
33712 16384
33716 1024
33717 1024
33718 1056
33721 64
33725 64
33732 65535
33753 16896
33773 16384
33788 65527
33791 32
33808 10272
33811 10880
33814 2176
33816 128
33818 22464
33821 1088
33823 17472
33825 17472
33827 16384
33829 64
33831 64
33833 1088
33836 3392
33838 35200
33840 35224
33842 400
33843 272
33844 272
33845 272
33846 65535
33847 53522
33851 274
33853 29010
33855 13106
33857 8192
33858 8192
33859 8704
33860 8192
33861 8192
33862 4452
33864 4388
33866 4356
33868 6404
33870 4
33871 8196
33872 8192
33873 15332
33875 8708
33877 8192
33879 8736
33884 65533
33885 2112
33887 8192
33891 4096
33893 4160
33897 17410
33903 16384
33907 16384
33911 1026
33914 5120
33918 64
33924 8192
33936 32
33943 1024
33947 1024
33956 1058
33960 128
33965 16384
33971 16384
34018 16384
34023 32768
34030 16448
34035 16384
34038 64
34040 64
34042 17408
34044 16384
34046 3136
34049 34880
34052 2048
34054 2304
34056 2048
34058 8192
34061 65535
34063 8192
34070 8704
34073 512
34076 4096
34080 4096
34083 4096
34086 37124
34090 4352
34093 4352
34097 4096
34100 4608
34102 4608
34104 4608
34106 4096
34107 4096
34109 512
34112 512
34114 512
34117 512
34123 512
34132 272
34133 57203
34135 39795
34137 39795
34139 39283
34141 39731
34143 39219
34145 4403
34147 1646
34246 514
34247 6015
34249 6015
34251 8
34256 128
34264 136
34267 8
34269 128
34272 4
34275 4
34278 68
34282 32
34286 32
34288 32
34290 32
34292 48
34296 16
34298 16
34300 16
34302 16
34305 512
34313 576
34322 512
34333 512
34340 65535
34350 1
34370 128
34385 128
34393 16
34425 65535
34427 16384
34435 16384
34436 16384
34437 17408
34438 1024
34439 1024
34441 1024
34449 1088
34459 64
34462 1024
34467 65535
34485 16
34511 32
34517 32
34525 65535
34530 1
34532 3
34534 16
34536 68
34538 4
34539 4
34540 4
34541 68
34543 136
34545 8
34547 8
34549 8
34551 8
34552 8
34553 8
34555 17
34558 16
34559 16
34560 17
34562 1
34564 1
34565 3
34566 3
34567 3
34568 2
34569 7
34571 4
34572 4
34573 4
34574 6
34575 4
34576 4
34577 4
34578 12
34579 12
34580 12
34581 12
34582 12
34583 8
34584 8
34585 8
34586 8
34587 8
34588 8
34590 8
34591 8
34593 32
34602 32
34632 65535
34648 1
34654 1
34660 1
34665 129
34671 1
34674 1
34678 65535
34680 32
34682 32
34684 64
34691 64
34697 136
34700 128
34703 64
34709 64
34716 32
34735 32
34744 64
34754 16
34767 256
34779 32
34783 32
34786 32
34791 64
34795 2048
34802 2048
34804 2048
34807 1024
34824 64
34827 64
34830 2
34832 70
34834 2
34835 70
34836 70
34837 614
34838 550
34839 12838
34840 12336
34841 28784
34842 12400
34843 8288
34844 96
34845 96
34846 96
34847 112
34849 2096
34851 64
34853 9280
34855 1092
34857 68
34859 8256
34861 5200
34863 5136
34865 5392
34867 5392
34869 4112
34871 4368
34873 4112
34874 4112
34875 4112
34876 4112
34877 4112
34878 4112
34879 16
34880 16
34881 16
34882 16
34883 16
34884 16
34885 16
34886 8336
34887 8336
34888 8336
34889 8336
34890 8192
34891 8192
34892 8192
34893 8192
34894 8192
34895 8192
34896 8192
34897 8192
34898 8192
34899 8192
34900 8192
34901 12848
34903 29232
34905 12848
34907 29328
34909 4096
34910 32432
34912 32432
34914 21504
34915 17408
34916 21504
34917 17408
34918 1024
34919 1024
34920 1024
34921 1024
34922 1024
34923 1024
34924 1024
34925 1024
34926 1024
34927 1024
34928 1024
34929 1024
34930 3216
34932 1040
34934 1040
34936 1040
34938 32768
34940 32768
34942 32768
34944 33792
34946 33792
34948 33792
34950 33792
34952 50176
34954 50240
34956 49152
34958 32768
34959 32768
34960 32768
34961 49152
34962 32768
34963 32768
34964 32768
34965 32768
34966 49152
34968 32768
34969 32768
34970 32768
34971 49280
34972 16512
34973 16384
34974 16384
34975 16384
34976 18496
34977 16384
34978 17408
34979 16384
34980 17408
34981 1024
34982 1024
34983 1024
34984 1024
34985 3072
34986 3272
34988 3208
34990 3080
34992 3080
34994 3072
34996 1024
34998 1024
35000 1024
35003 1040
35006 1040
35009 1024
35013 1024
35016 1056
35022 65535
35023 64
35031 16384
35041 8192
35043 8192
35045 16384
35055 8192
35058 8192
35061 63487
35068 64
35081 8
35092 65535
35107 8192
35115 8192
35120 8192
35124 512
35127 5154
35137 4096
35140 1024
35146 16
35152 65535
35155 64
35159 64
35163 64
35187 64
35197 1024
35203 8192
35224 65535
35234 1
35246 512
35253 512
35257 8192
35264 8192
35268 514
35273 2
35276 2
35281 8704
35288 65535
35289 64
35308 65535
35318 512
35320 8704
35322 8192
35323 8192
35324 8192
35325 8192
35330 8192
35334 8193
35337 1
35339 17
35341 1
35343 1
35346 1
35348 1
35351 1
35354 8192
35359 8192
35364 8208
35368 16
35382 4
35389 16
35394 8192
35397 16
35399 16
35401 16
35403 8208
35405 8192
35407 65535
35408 64
35412 64
35415 1024
35417 1088
35419 1088
35421 64
35423 1088
35425 1088
35427 1088
35429 64
35431 64
35433 64
35435 64
35437 64
35440 64
35445 2112
35455 2056
35458 2060
35461 2056
35464 72
35466 1096
35468 1096
35470 1096
35472 1101
35474 1103
35476 1100
35478 1103
35480 1103
35482 3087
35484 3083
35486 2255
35488 2255
35490 2254
35492 2062
35494 2062
35496 2062
35498 2190
35500 2188
35502 2188
35504 2062
35506 8
35507 8
35508 8
35509 8
35510 8
35511 8
35513 8
35515 65535
35517 64
35521 4
35526 32768
35529 32768
35531 4
35535 32
35538 4
35542 32
35545 4
35551 136
35553 136
35554 136
35555 136
35556 136
35557 136
35558 136
35559 136
35560 136
35561 12
35563 2
35564 2
35565 2
35566 2
35567 2
35568 2
35569 2
35570 3
35571 1
35572 3
35573 3
35574 3
35575 3
35576 3
35577 3
35578 3
35579 1
35580 1
35581 1
35582 1
35583 1
35584 1
35585 1
35587 65535
35589 128
35599 128
35601 128
35603 128
35605 34816
35608 2048
35611 128
35614 34944
35618 2048
35621 2176
35625 2048
35626 2176
35628 2176
35630 2176
35632 128
35633 128
35634 128
35635 128
35637 128
35641 2
35651 65535
35654 16384
35658 32
35662 32
35666 16384
35671 8
35676 4
35680 4
35685 4
35690 4
35694 4
35697 4
35701 4
35704 4
35706 2
35712 2
35716 2
35718 2
35720 2
35722 65535
35724 4
35738 16388
35744 16384
35746 16384
35748 16384
35750 50432
35753 8192
35755 8192
35758 64
35763 32832
35767 32768
35770 32768
35772 49152
35774 16384
35776 16896
35779 16656
35783 256
35788 64
35791 64
35794 49920
35800 16384
35802 16384
35805 64
35809 64
35817 64
35820 64
35822 16448
35824 64
35827 64
35829 65535
35836 1
35838 65
35840 64
35841 64
35843 64
35845 64
35846 64
35847 1600
35848 32768
35850 32768
35852 32768
35854 32768
35861 32768
35873 32768
35875 65535
35877 64
35883 64
35887 64
35893 3680
35896 96
35899 32
35901 32
35903 34
35906 34
35909 170
35912 128
35913 136
35915 136
35916 8
35917 140
35919 76
35921 4
35922 4
35923 4
35924 140
35926 648
35928 136
35930 3818
35932 160
35935 160
35938 32800
35941 32768
35942 32768
35943 32768
35944 52322
35945 32768
35946 52322
35947 52334
35948 1120
35949 3170
35950 1120
